0 314.06761716750265 495.1182958846774
1 819.2875177668459 188.58271611282515
2 53.569392338416925 35.59339342197836
3 507.64504543339325 556.4488854269285
4 935.9660537878473 130.6613065655913
5 553.9705527368113 32.47343026407895
6 851.6906218913762 616.2700672391169
7 20.533249033717404 399.71597799329106
8 647.2886319066334 280.71066350013785
9 495.64304762944977 510.89650692656664
10 876.2111635626649 530.040339691146
11 420.39779450201183 175.31042536135018
12 805.2190058955063 194.14341564800668
13 99.67121229617656 627.3732877522164
14 887.203330241116 343.43172774473356
15 359.47765417486113 605.463345133219
16 263.4322800379923 85.83327294412257
17 905.5420686323098 207.9151287062985
18 394.40264576759796 545.3857563978279
19 44.39132488967005 509.84542591355563
20 639.5481009270273 122.9453647890391
21 206.35907595055104 593.7969293870622
22 801.9136963006086 248.62260420393704
23 875.1608585209613 64.66660585394854
24 667.6964000490631 75.33006688252087
25 130.67434921955572 557.6466172880208
26 135.2774478909214 432.5321977585578
27 659.4513266166989 159.65127700892714
28 378.91261996193634 398.6065115270873
29 717.058081573768 508.9005802770993
30 679.0525407066859 484.71165727094143
31 402.71413246276035 214.83895027309455
32 491.76600605297426 452.46488630969304
33 124.40821892734442 109.61909900670581
34 505.59748344591077 494.3684882773278
35 504.5177365634718 251.0087805027447
36 427.04251638004615 179.10492771285422
37 64.35753500838968 78.81250375283393
38 58.52468062558313 342.60913846590915
39 20.011221571998515 97.23757316260608
40 467.87248737491575 617.4968171625234
41 725.8539387254372 169.9700987983653
42 860.0442630233488 525.4488596496897
43 702.5793245479965 548.8617201896145
44 707.1087590453184 99.94213759421129
45 607.1668199494509 504.67207114331256
46 809.8029592452868 3.518026861432291
47 917.3742194020612 339.88080391726123
48 898.2993063800211 136.65807746965942
49 44.19876915589661 534.875880506067
50 143.96892761041786 263.2570694579142
51 344.0720019890555 606.7711815247727
52 877.288456245607 512.1965271009719
53 901.2784000540431 528.8578838088243
54 509.78766142009454 97.7640521698604
55 90.19091498939817 575.6219793592659
56 518.9566417909799 541.006045053513
57 744.9651695173568 180.2446761781837
58 452.3435633689296 424.2124581462357
59 867.7268366749597 398.51754715320527
60 301.1785576502054 60.18683006063744
61 662.9072278374109 215.64306786036303
62 211.406209862396 50.7328600646714
63 246.64120414215552 427.40560265051494
64 35.464079368040444 437.76609739380797
65 225.8117938213814 619.774701174215
66 859.5038634527803 75.4624599756174
67 536.5788398737002 104.50771891667725
68 114.80110762165299 155.07244380696017
69 159.61478801018552 373.0962749900272
70 843.7840781856012 118.55529687732948
71 677.7882054451596 465.4354364479216
72 496.4227741669357 603.1458132584069
73 744.7130989325346 491.8802605334219
74 721.9724614493072 474.58677030603474
75 84.8196846812724 33.51553773147532
76 364.9719813027088 636.4668050590994
77 117.14816597569335 557.8127126990487
78 889.3975251962548 249.84326059881815
79 469.3845359506438 194.66978816617677
80 719.0136966130706 426.58340082564416
81 627.5906281287386 5.523364361568276
82 745.6497307491916 15.603653985667668
83 333.205086854994 352.91283511887946
84 180.9581938976884 22.616414698373177
85 737.1488180952886 565.1168336899964
86 490.0412122409577 22.431699893145147
87 473.2868321681265 590.0272475544406
88 792.1495284876158 414.3544623439532
89 744.8377976448339 537.0264304884407
90 412.3267264528594 218.68673009934244
91 671.6387649808852 300.54830665354876
92 511.0752024387453 22.303159519431023
93 294.07942902090065 502.09523972939894
94 272.89834934302417 635.6552098086113
95 760.0389259552097 393.4921424353965
96 885.1647228639363 620.4115423165553
97 497.56970873395414 358.39474711742173
98 664.1420470837147 211.44164398084638
99 750.6755904068636 473.5445202317221
