1 1 2 3.61
2 1 3 5.10
3 2 4 4.12
4 2 6 5.00
5 3 5 3.61
6 3 7 5.83
7 4 8 4.47
8 4 9 5.10
9 5 10 6.32
10 5 11 7.81
11 6 12 8.06
12 6 13 6.71
13 7 14 5.00
14 7 15 8.54
15 8 16 8.60
16 8 17 10.63
17 9 18 12.04
18 9 19 10.44
19 10 20 11.40
20 10 1 14.76
21 11 2 12.41
22 11 3 10.44
23 12 4 10.77
24 12 5 13.15
25 13 6 7.21
26 13 7 6.40
27 14 8 6.40
28 14 9 7.21
29 15 10 7.07
30 15 11 8.49
31 16 12 5.39
32 16 13 9.22
33 17 14 8.06
34 17 15 8.00
35 18 16 5.00
36 18 17 8.54
37 19 18 6.00
38 19 1 21.02
39 20 2 19.92
40 20 3 17.69
41 15 4 12.04
42 16 5 13.92
43 17 6 14.00
44 18 7 15.30
45 19 8 12.04
46 20 9 10.77
47 18 10 16.76
48 19 11 14.56
49 20 12 13.41
50 18 13 17.92