0 358.4987324384348 104.09989114115893
1 48.885548599195246 714.626881543138
2 88.00675387620113 478.9278171023282
3 296.7946333499059 881.6946366988442
4 252.7724400914851 371.3391936114276
5 71.73676154760024 408.1554349414403
6 97.20943499039008 286.6066656633463
7 154.35731938058348 542.0405421633874
8 85.96306822036519 409.9412455197587
9 27.547273465516092 689.8734389009875
10 254.5753462906828 408.73703022491674
11 134.21554273181113 491.65985409029736
12 224.9288323210157 309.84938629147456
13 148.72048947365198 590.168501716039
14 38.9077146747525 854.9449441958284
15 110.12367482712845 7.3772973559442265
16 180.32759395596398 454.183673657217
17 278.61987521021587 220.7610359516819
18 360.54814438245404 21.809249172720822
19 157.66624898520416 89.02334156448471
20 242.64414807951977 766.8685098912244
21 248.77546617099838 745.9966008820307
22 328.1181913279549 759.1785312933675
23 18.49889662377749 414.9279572119327
24 294.7449621261818 772.4923874185542
25 360.7184332124698 648.0714199703435
26 18.44572403011506 517.2100692532699
27 161.5708603359613 309.11912405371424
28 204.39296525825904 148.3646618494765
29 219.6210497963446 851.9682633093943
30 124.5482387386211 28.908597842046692
31 104.39934181419098 642.9648234073193
32 221.24040985276315 574.1326108339367
33 348.5089140221689 890.121514676762
34 402.33590579859293 385.06988221645764
35 297.90679846139136 217.80161823844963
36 309.5054028356933 5.895043660834767
37 168.6962740312931 23.06663352499034
38 154.08517945648825 898.5969326902091
39 197.765745848574 207.18549271072865
40 286.32648936889535 437.34850794121576
41 220.68742864641038 351.3525183006128
42 34.57007272331438 476.7293072944891
43 244.4873623441158 751.9614426832976
44 305.02592156156857 17.72982525403012
45 387.11955402597937 175.8872191857384
46 108.2243523321664 42.89344391311718
47 172.52350984140543 135.67155785168345
48 107.79988797435132 42.4379498525109
49 167.91417066560405 301.0803091298408
50 131.49871155832582 173.6860541812868
51 357.24322525116895 890.6702444200863
52 32.54260037018515 837.2148535418947
53 268.19013395295497 283.9677578235214
54 28.91228748776279 45.726976264139374
55 38.77856977365225 400.83157458470964
56 374.2467317870308 395.87082008832164
57 401.9767560505141 571.2918178525125
58 254.03542625247766 410.92189352172267
59 144.97631348153814 511.89595092349475
60 261.61164686390447 853.4319437712761
61 71.25737205680468 582.343959729604
62 206.57831410061323 38.97379934892441
63 296.2740518286733 660.7188933417617
64 148.27922139544802 191.78449228374197
65 263.50781004114873 126.51523170949613
66 274.39915634933243 499.98736845942614
67 349.51297348425464 481.4410838306285
68 364.3010170090816 819.0978674708542
69 58.73120066211805 65.43369064568812
70 199.3797085463229 172.9765656793537
71 319.68216046746545 258.28967714156744
72 29.93164781547814 265.7976879753076
73 73.73288970418453 155.28645277760657
74 349.35727683286467 5.829092169399707
75 321.57906158779235 424.26371602272394
76 329.8305737885011 590.1234016738832
77 46.3597458446986 332.8719472970649
78 13.786428007877108 562.0602748869812
79 247.95779265538468 629.7173318880751
80 33.087363399196704 385.5642535508342
81 258.0220977521059 229.86407109234554
82 318.69478002519725 725.6061520341553
83 218.12466403635912 30.25284261994923
84 25.6813502546658 131.13596460982518
85 380.1493423847665 27.718030692263458
86 1.0292986528229595 557.1171622206724
87 94.8271407634827 668.4155426881522
88 79.2642715526289 532.3700998245175
89 376.021099291894 588.8155678721631
90 352.9852547871663 216.4675542090819
91 116.77112508376436 743.3426642100636
92 366.70072202859177 735.5314144335938
93 83.75068984317592 124.20718191938482
94 77.43683236678557 596.0573461557394
95 336.58735105762366 800.3491954696915
96 68.63268143227225 821.701319033606
97 287.7873485854868 188.80859760153913
98 215.88780034919412 730.7379090309013
99 303.55669770571575 181.25626216643323
100 109.27619002981295 607.9827708886037
101 80.63850221090033 708.1934045399612
102 92.73630273148865 780.0534377320149
103 126.39132913570447 15.053904618970652
104 136.29091301521967 512.9431011222134
105 10.455334522133116 879.2732855628622
106 181.0958292764181 696.8763882007318
107 99.20500861971104 443.36953055855645
108 228.40666634142568 564.9846025529725
109 343.9564069852464 504.2677282115868
110 332.9437419453381 227.01336064681274
111 228.64469801531774 707.6245846611374
112 80.42330216056767 159.64353734868124
113 89.5065419328742 143.71953154285802
114 158.46166491120056 707.5252291267074
115 290.79279959510484 146.01675836890928
116 271.691471341254 496.5794281274481
117 94.40467329582843 500.03036324637173
118 333.767221958212 353.39727284007625
119 337.08669738348146 174.1813965329576
120 191.76611073495374 147.95191406096265
121 255.21837602661947 767.7505386326862
122 69.4229119577179 156.2003310721876
123 48.439280867693576 345.91670978661347
124 269.46603052023545 544.2068967523531
125 32.79555762230054 413.53190117898515
126 260.69987330562236 830.3938385560429
127 302.2831545171455 722.1297194750416
128 38.905597476224656 574.9843588547454
129 215.11818207442897 70.54360641955064
130 53.005109673386954 278.202565016745
131 284.8456996336482 493.27155940282717
132 296.75709370321005 242.28532336643173
133 324.34937258211056 158.18726094359639
134 194.27602384340648 368.75916142267647
135 201.654738721769 131.6663465841123
136 276.2845062114402 216.3202457713281
137 353.0167525859717 564.6212214004239
138 299.7256761131025 541.1275246892436
139 283.806069988248 170.11741154140705
140 321.83304337544905 575.2784949854895
141 212.30808751877274 453.08987224001174
142 360.6166353738351 81.52185228485925
143 265.4159583936597 732.0797059847516
144 381.28996572687504 434.70126424416964
145 105.19564173987423 179.08911663979183
146 310.72401898813484 539.277056145849
147 366.21795967047336 761.8542172842223
148 138.6744878067077 397.21953407279534
149 274.2416059065999 327.92978447772464
150 77.83805591547706 871.5253203419612
151 50.39966631593533 629.9335991176878
152 224.750244343084 74.99197091717276
153 296.6751634691351 309.8896258468636
154 216.89366373183518 639.5819809163123
155 257.16529125033315 309.56432980912814
156 396.74012090368296 268.3141452051084
157 227.41980447236912 75.54353948364762
158 79.85082017922775 695.879796009488
159 307.24311348329496 851.0888299337817
160 2.613485251086931 702.2558112710036
161 317.1852942523815 636.0723879443631
162 307.1901760427218 28.55761667465898
163 247.70017554164 899.9735508189501
164 66.50181689022035 654.0007310093316
165 187.57754151967563 198.74888704616427
166 313.2208075497448 260.3521785906854
167 41.958327077897984 36.52110360073749
168 352.8842224230914 125.13635524941586
169 67.9175398660446 58.93600000714089
170 184.84033923925293 713.3207251519647
171 84.44727297633924 233.01283201578005
172 271.8265841768438 338.53977846313535
173 314.19619663414255 402.8988740531518
174 300.7201498466314 487.79644683056347
175 324.365202936005 550.3827037396825
176 23.041754023356397 763.9477528429712
177 396.13082325421595 612.9251571387591
178 186.22844305861915 820.7701960582383
179 248.5572161766096 228.61635197359368
180 99.27637546090689 4.885498516416464
181 261.02711754116814 884.9521822986517
182 247.49216153419684 313.65304741730114
183 48.10797610775191 341.22298472842823
184 208.3181160272934 1.8391051667967757
185 193.53585947101735 393.34199108274373
186 400.9331083820283 153.06065798928842
187 151.78223186116472 711.439129560846
188 395.65529346702226 627.1738629383863
189 255.9326108445659 66.98759559654974
190 255.0546169530856 660.5892600505173
191 58.93491819789183 717.0466073366861
192 360.2061251365606 782.5805395760183
193 89.53604070943167 259.63803833770544
194 333.0407956764298 443.15241674933674
195 343.30130603859476 231.30451021584554
196 353.1748245005909 727.2616093953229
197 364.56828534622343 28.147467959088896
198 277.9170681210465 637.3393581994691
199 45.261602502711206 773.8492428641109
