1 0 245 429.3743431138005
2 0 655 446.37669501646747
3 1 169 189.51437526958964
4 1 197 441.96464920236076
5 1 236 586.5696921879843
6 1 964 310.1955155816403
7 2 431 413.0041837021645
8 2 896 586.4091384682242
9 3 98 185.96560968313932
10 3 156 58.60037621784707
11 3 380 339.316575189711
12 4 831 185.0979637284978
13 5 402 523.3146145884616
14 5 421 176.54724736778624
15 6 328 499.99842100057117
16 6 678 110.51757607610935
17 6 797 338.4241984721202
18 6 910 194.1594578374985
19 7 9 48.28638823118435
20 7 870 700.9413948230875
21 7 955 658.2399169758829
22 8 191 237.22666619709156
23 8 831 171.90079031669487
24 9 7 48.28638823118435
25 9 130 636.2359463575649
26 10 544 482.96143547462844
27 10 780 332.95768304957943
28 11 177 433.5543664126823
29 11 546 488.0011802019833
30 11 867 284.5293076015678
31 11 965 464.26056516930333
32 12 185 552.5342851165406
33 12 195 489.5486184164087
34 12 283 775.0419725616907
35 12 741 357.4503571646364
36 12 822 486.6724362706766
37 12 879 558.7340805888643
38 12 977 738.3290957426976
39 13 238 289.01548820794875
40 13 347 21.74720050555517
41 14 166 248.9535822483964
42 14 665 293.71220070946794
43 14 876 129.8721047140974
44 15 102 518.6523356173974
45 15 209 375.71186845540086
46 15 236 726.7632665497188
47 15 260 457.8383424193586
48 15 283 93.93861521257715
49 15 307 519.1028191214355
50 15 464 303.55606854897394
51 15 521 486.24800846481475
52 15 564 357.0131390284866
53 16 48 9.215981748820578
54 16 362 179.07347844234712
55 16 441 60.57187264488074
56 17 161 528.6252554966634
57 17 328 252.96880627275283
58 17 605 23.809700625785002
59 18 244 491.05514911300713
60 18 348 256.6554153607972
61 18 393 119.10247026239003
62 18 460 335.1120436642684
63 18 708 487.8206568978566
64 19 290 450.04387589675594
65 19 869 613.6370024852988
66 20 250 496.81389594658907
67 20 813 362.8381873633542
68 20 977 635.5673394403657
69 21 35 256.0132836809461
70 21 60 185.42986761081644
71 21 538 286.95353782561534
72 21 627 277.51260886656576
73 21 783 247.85749676309882
74 22 275 594.5507640359398
75 22 321 663.1646189092811
76 22 756 660.7061611428337
77 22 874 429.25097900212774
78 23 439 564.2628060144826
79 24 162 79.12677890127627
80 24 707 431.746749192051
81 24 824 272.50316625024465
82 24 826 159.38611923575573
83 24 850 278.8949415436159
84 25 182 690.6409473298718
85 25 302 713.7994958069194
86 26 124 328.1185683981924
87 26 238 175.18865660177485
88 26 614 339.67604549868145
89 26 696 484.1289995915699
90 26 942 136.34582193713402
91 28 185 644.730487505067
92 28 458 326.9877517253652
93 28 596 309.4758268124838
94 28 655 472.0459259409029
95 28 764 276.2891964257435
96 28 767 315.3150950522815
97 28 836 296.68865112143146
98 29 194 379.66811093999746
99 29 629 447.9122524439972
100 30 396 434.00922757089097
101 30 448 302.0073715853722
102 30 530 583.8268095514422
103 30 681 213.31596623953922
104 30 982 595.360407293818
105 31 484 347.2000175719678
106 31 874 167.06320212636393
107 32 100 280.0825085951769
108 32 422 73.92679969391936
109 32 424 188.79570219856322
110 32 562 185.94375131950036
111 33 547 348.05430282890967
112 33 609 400.6134229800978
113 33 644 472.6551993307464
114 33 657 429.64736400665515
115 33 903 558.3369680428927
116 34 353 323.4707309996919
117 34 431 500.4681411131372
118 35 21 256.0132836809461
119 35 96 339.58716643702445
120 35 167 492.8062173791795
121 35 594 191.2872938240334
122 35 726 210.41687676606577
123 36 345 266.25438203629454
124 38 184 132.67597199647722
125 38 850 215.28626869667627
126 39 470 476.2747365500742
127 39 571 316.30133681984523
128 40 421 481.54464180389243
129 40 559 92.5646371781939
130 41 119 502.76507572457155
131 41 513 525.843737848017
132 42 71 285.94008977626686
133 42 385 516.6094241746438
134 42 445 178.85359118178232
135 42 622 364.45174768479995
136 43 60 296.88170496901245
137 43 230 130.07010555183479
138 43 451 99.03467082979209
139 43 560 312.3824955992774
140 43 677 299.6338860339462
141 44 254 580.6418886733414
142 44 560 397.82691631689914
143 44 607 448.2070525137185
144 45 46 88.76566182266939
145 45 373 118.26302125365414
146 45 588 503.2555553144651
147 46 45 88.76566182266939
148 46 653 304.4334987797351
149 46 910 576.8016472413808
150 47 56 398.88102780029783
151 47 891 387.94190401307714
152 48 16 9.215981748820578
153 48 91 478.01110762522444
154 48 140 275.75811119096863
155 48 741 439.47235509088443
156 48 949 156.3996684368788
157 49 708 473.1956624994369
158 49 722 325.1535435485241
159 50 540 641.0296484285393
160 50 996 572.7547071586226
161 51 841 667.31096176875
162 52 284 191.0030259823311
163 52 565 392.847656602562
164 52 846 251.60010037508368
165 53 386 465.8904235231118
166 53 552 349.6172538112228
167 53 660 698.4936984667507
168 53 674 478.7143129733262
169 53 887 778.6600819095032
170 53 992 155.76544330271267
171 54 666 538.1817457774654
172 54 833 497.7494828865093
173 54 921 364.9745865777085
174 55 67 460.60671796770333
175 55 323 612.1154973665821
176 56 47 398.88102780029783
177 56 191 267.28944062326514
178 56 337 293.92193955342606
179 56 390 28.236127515647933
180 56 668 384.1329733812206
181 57 564 380.09010829022435
182 57 639 190.31950079327092
183 57 726 424.6760605947681
184 57 815 522.3613911897444
185 57 886 285.7456784897995
186 58 170 481.2313351748174
187 58 289 559.6247523901545
188 58 332 180.32047565243133
189 58 939 296.3374780106852
190 60 21 185.42986761081644
191 60 43 296.88170496901245
192 60 181 262.31601301028405
193 60 545 382.2609167108474
194 60 598 352.8251977863509
195 61 318 146.73960216860314
196 61 762 299.48538169258376
197 61 868 241.14975530624994
198 62 513 140.38573066638438
199 62 679 488.2369403234217
200 62 746 354.96265055733403
201 62 757 351.775277957883
202 63 78 375.39390303295323
203 63 461 294.73539671500544
204 63 583 444.63407105234546
205 64 143 284.6028458806542
206 64 305 196.2896258092527
207 64 596 309.209550040043
208 64 688 75.76136123737042
209 64 733 298.07053840896737
210 65 295 295.74050252850566
211 65 477 466.7926426586843
212 65 543 404.66175716476624
213 65 799 554.8533226756618
214 65 830 552.411423928561
215 65 854 479.0588579007779
216 65 926 245.0428225467094
217 67 55 460.60671796770333
218 67 74 367.5876182117967
219 67 845 469.43069645392046
220 68 477 222.67339063208507
221 69 789 421.9828105112811
222 69 911 228.41949658856728
223 70 246 440.37416070853027
224 70 447 605.0969013487629
225 70 451 305.27380604986143
226 71 42 285.94008977626686
227 71 287 444.84863068813945
228 71 820 533.0285564729041
229 72 506 375.33518001161883
230 73 201 37.59112471353318
231 73 962 189.3249860201032
232 73 966 139.1911519636529
233 74 67 367.5876182117967
234 74 533 668.4944788597196
235 74 808 335.18786540783793
236 74 863 290.1098724610342
237 75 479 226.82047503187806
238 76 579 233.12522389782336
239 76 935 212.85272793722066
240 77 152 384.7738636927546
241 77 332 506.0995265831222
242 77 802 240.3211383144603
243 78 63 375.39390303295323
244 78 102 445.7143680578658
245 78 415 151.86257330802704
246 78 525 251.57014595864453
247 78 719 524.1440510532294
248 79 587 261.4241170177013
249 80 390 312.01088434393216
250 80 796 383.39283225512975
251 80 830 274.05373419888053
252 81 473 724.9316948009903
253 82 104 141.54397356397652
254 82 349 274.49211161506616
255 82 686 402.5271350964389
256 82 862 375.3637733158516
257 83 158 390.25669444929537
258 83 167 276.9629815511678
259 83 266 566.3827151758164
260 83 817 450.82859283839167
261 85 169 560.3915326154876
262 85 324 319.8639487700228
263 85 439 551.616587903864
264 86 343 765.5240365989722
265 86 439 219.1197337944705
266 86 498 277.2202273213238
267 86 737 375.3412132005255
268 88 337 246.32283704373532
269 88 367 189.44191810776056
270 88 526 320.03039798818656
271 88 540 252.2933603604662
272 88 619 411.6226994288331
273 89 156 459.9447090120367
274 90 461 158.08497180264862
275 90 532 462.72850566635753
276 90 602 446.89257020188023
277 91 48 478.01110762522444
278 91 264 165.68757808025157
279 91 853 180.86608957500488
280 92 206 92.9013842922134
281 92 347 397.75356754209827
282 92 964 609.737598571295
283 93 325 353.66156678556973
284 95 104 355.9928785027919
285 95 196 94.64202591547061
286 95 521 247.12357439613285
287 95 893 397.0156242035941
288 96 35 339.58716643702445
289 97 169 239.7161599293559
290 97 246 498.06851975612193
291 97 335 301.792302160622
292 97 983 512.8584642001155
293 98 3 185.96560968313932
294 98 300 500.3793779829355
295 98 437 116.00398405699485
296 99 125 368.9317659277501
297 99 382 397.0218870858515
298 99 617 246.62621186501477
299 99 756 484.3244454758529
300 99 768 292.0527458655697
301 99 821 271.4792005333765
302 99 903 390.11371676321664
303 99 937 172.24558770263408
304 100 32 280.0825085951769
305 100 184 457.16252634305124
306 100 605 462.3346808258208
307 100 912 327.07904622434415
308 101 752 156.5938208550055
309 101 779 391.0016727533856
310 101 857 515.7104979936972
311 101 902 149.68187499598383
312 101 953 145.51084156326274
313 102 15 518.6523356173974
314 102 78 445.7143680578658
315 102 418 103.24597900662394
316 103 211 208.1017407835483
317 103 822 435.0641383697504
318 104 82 141.54397356397652
319 104 95 355.9928785027919
320 104 332 587.7218406686704
321 104 512 249.29750917065243
322 104 570 572.796390514317
323 104 605 23.0294706876856
324 104 721 103.26604198577458
325 105 343 491.4585897188311
326 105 364 159.99957081219986
327 105 417 289.2655624748655
328 105 824 175.36163939142574
329 105 971 205.46019233968073
330 106 196 371.477872110822
331 106 315 482.76297825113596
332 107 336 374.7317705430235
333 107 586 545.4317550701587
334 107 906 282.08676793336326
335 108 135 647.1625522704268
336 108 489 107.59942088303332
337 108 652 324.9764552053571
338 108 712 9.16008933206745
339 108 816 53.7506318707423
340 108 991 559.7424383994809
341 109 118 245.37231980310113
342 109 141 75.53948436157906
343 109 677 124.52619830799826
344 109 940 456.9683612224423
345 110 133 570.2462879997206
346 110 397 334.8414968249068
347 110 690 594.9833592192213
348 110 942 344.7971024482568
349 111 214 396.78351303834586
350 112 477 351.26650420009645
351 113 307 484.86351898238684
352 113 568 213.67346713375744
353 113 984 317.7993404115812
354 114 366 341.65726602789573
355 114 437 287.21196815946575
356 114 945 504.33743317115164
357 115 676 453.2080169492684
358 116 523 120.027873902842
359 117 118 71.22245347618315
360 117 163 432.02195603684845
361 118 109 245.37231980310113
362 118 117 71.22245347618315
363 118 685 372.1396402048129
364 118 884 367.1059035937443
365 119 41 502.76507572457155
366 119 241 122.28566772312085
367 119 437 133.50046572921596
368 119 544 457.5879704989195
369 119 760 369.4385009396285
370 120 686 412.4726563399587
371 120 936 522.4218011707053
372 121 664 626.3648687331735
373 122 213 165.763200174132
374 122 596 437.7666417488282
375 122 763 157.69993040858714
376 123 246 563.4311257171729
377 124 26 328.1185683981924
378 124 417 238.0638759903268
379 124 430 515.3345068870794
380 124 830 403.82618234202965
381 125 99 368.9317659277501
382 125 214 407.0323442228814
383 125 425 336.96293582422044
384 125 588 91.65622502322076
385 125 759 288.0645357046109
386 125 880 228.3274520545916
387 126 217 314.51268527944814
388 126 280 152.92300093510025
389 126 336 191.479488702562
390 127 518 350.5003825037615
391 127 728 107.27257932906389
392 128 377 354.2674378849952
393 128 702 172.88457705700498
394 129 166 273.93568147876414
395 129 200 208.95553576536648
396 129 278 298.4260701288334
397 129 396 463.05033942355817
398 129 981 291.02262952489366
399 130 9 636.2359463575649
400 130 411 670.1042279162863
401 130 412 169.8644962107114
402 130 646 490.2761775068904
403 130 859 628.8812205136597
404 131 251 179.85734177666816
405 132 213 433.56157908326594
406 132 855 427.37512444221613
407 132 906 470.2379750927732
408 133 110 570.2462879997206
409 133 552 270.62819125615243
410 133 683 591.1694512042825
411 134 138 319.3568557916221
412 134 659 202.07770300188386
413 135 108 647.1625522704268
414 135 348 334.17508154780177
415 136 561 253.8443148869293
416 136 814 238.99342631748445
417 136 940 65.73257026074347
418 137 188 486.97329609807446
419 137 379 387.4408854357713
420 138 134 319.3568557916221
421 138 363 246.2887684445163
422 138 365 88.52795423330298
423 138 576 235.97173572556795
424 138 998 423.4848879798121
425 139 239 554.0114815586658
426 140 48 275.75811119096863
427 140 514 439.4410426470078
428 141 109 75.53948436157906
429 141 842 634.971327631283
430 142 357 324.02052113379426
431 142 694 239.83872785676385
432 142 763 214.6216240620493
433 143 64 284.6028458806542
434 143 527 245.0460560717266
435 143 537 194.0510315876922
436 144 717 395.2405035452246
437 146 186 320.54971006896693
438 146 714 9.057372351974703
439 146 805 456.5893718914037
440 146 961 817.0299064632643
441 147 175 408.18597179221916
442 147 446 436.11318509607366
443 148 796 468.4712817410118
444 149 284 70.40498306274061
445 149 552 603.8293972842049
446 149 712 541.3144245172529
447 150 479 431.0399934434164
448 150 910 88.28377577903825
449 150 951 113.06509231337573
450 151 200 398.4072693112683
451 151 446 382.23322177688163
452 152 77 384.7738636927546
453 152 762 155.85625647910962
454 153 528 477.74649241788234
455 154 340 500.1659210430379
456 155 327 370.3620536754374
457 155 637 406.0452008467284
458 155 780 181.01542839923178
459 156 3 58.60037621784707
460 156 89 459.9447090120367
461 156 359 388.3889071907649
462 156 509 199.33568038251448
463 156 693 480.760947288894
464 156 796 134.27500380518978
465 157 191 180.28402317982273
466 157 441 170.81205722390217
467 158 83 390.25669444929537
468 158 552 51.02629262093451
469 158 834 296.83425939883693
470 159 316 394.37210219267496
471 159 579 287.38105881964617
472 160 344 317.53697096251534
473 160 498 375.1119478932753
474 160 661 467.7632750708631
475 160 668 174.778603426693
476 160 739 61.823296841525305
477 160 866 483.7705091728302
478 160 992 563.6168555814252
479 161 17 528.6252554966634
480 161 390 648.8356800324798
481 161 430 750.1163797953939
482 161 618 498.2634502217844
483 161 676 442.15334458360667
484 161 697 127.20922130857305
485 162 24 79.12677890127627
486 162 210 474.154188807614
487 162 404 391.3073536930594
488 162 486 449.55858960452986
489 162 585 441.1028423690292
490 162 710 429.94644189998047
491 163 117 432.02195603684845
492 163 311 241.88078833342257
493 163 326 654.2512123798942
494 163 476 777.5002791432727
495 163 708 273.47372467335805
496 163 818 714.3761386171308
497 164 333 281.04396277832586
498 164 630 434.8167429421091
499 164 801 187.56147599336586
500 165 187 553.253246331531
501 165 817 240.38333896790547
502 166 14 248.9535822483964
503 166 129 273.93568147876414
504 166 247 255.85100078221978
505 167 35 492.8062173791795
506 167 83 276.9629815511678
507 167 443 474.0294981796576
508 167 971 519.6058309516774
509 169 1 189.51437526958964
510 169 85 560.3915326154876
511 169 97 239.7161599293559
512 169 495 275.8656378003648
513 169 908 527.2176549083725
514 170 58 481.2313351748174
515 170 710 452.16657739815145
516 170 899 563.1436500045298
517 171 452 118.75144703632431
518 171 769 332.57497017429307
519 171 879 569.9056303294037
520 172 783 563.5781461798466
521 173 504 194.96285843326473
522 174 206 318.9643783458892
523 174 544 430.5453797269823
524 175 147 408.18597179221916
525 175 229 492.0785155009055
526 175 387 372.5393081973811
527 175 900 470.260311917074
528 175 999 422.50072988941565
529 176 711 491.46388131244976
530 176 939 437.37422126457875
531 176 972 125.6657742218865
532 177 11 433.5543664126823
533 177 252 488.65513748192893
534 177 462 766.9854500541088
535 178 204 210.14997793985825
536 178 323 517.1617093596635
537 178 536 109.52879384638716
538 179 191 365.85360319607975
539 179 718 825.0899468959792
540 180 379 238.2818561257273
541 181 60 262.31601301028405
542 181 284 419.8511006770235
543 181 493 273.14753630712516
544 181 663 252.29385452391682
545 181 672 285.56904141145816
546 181 735 576.5079621378228
547 182 25 690.6409473298718
548 182 437 386.9655837736197
549 182 467 547.9818454938207
550 182 738 199.56164088583367
551 184 38 132.67597199647722
552 184 100 457.16252634305124
553 184 508 211.95882252361415
554 184 769 283.26585149352024
555 185 12 552.5342851165406
556 185 28 644.730487505067
557 186 146 320.54971006896693
558 186 499 94.35240190542847
559 186 721 83.80398330291361
560 186 865 360.2547611414518
561 187 165 553.253246331531
562 187 345 350.91072004256455
563 187 380 232.63274965066276
564 187 966 670.1785959907422
565 188 137 486.97329609807446
566 188 444 342.1416950848207
567 188 594 357.5650709511936
568 188 974 306.44038220949017
569 190 219 405.19945835747177
570 190 638 269.54831323811055
571 190 668 315.40106413804983
572 190 844 371.5077717260806
573 191 8 237.22666619709156
574 191 56 267.28944062326514
575 191 157 180.28402317982273
576 191 179 365.85360319607975
577 191 243 287.32060838766864
578 192 404 196.13763028917856
579 192 712 388.79562774545604
580 192 956 140.36395885060244
581 192 957 193.80182854485255
582 192 984 348.6581501916152
583 192 990 466.14904845053064
584 193 316 93.32159458580567
585 193 832 321.4731031879772
586 194 29 379.66811093999746
587 194 808 76.40896643527967
588 194 976 603.6490766473378
589 195 12 489.5486184164087
590 195 481 499.4351641649139
591 195 482 492.4484336105368
592 195 533 584.8900211137467
593 195 959 617.7801482135059
594 195 979 482.96954671604385
595 196 95 94.64202591547061
596 196 106 371.477872110822
597 196 902 331.9429264155111
598 197 1 441.96464920236076
599 197 242 229.94508233995464
600 197 598 233.12294761789167
601 197 980 430.14450230960637
602 197 993 388.0984750394299
603 198 509 444.9511127591811
604 198 576 60.77590360521526
605 199 524 414.35505796927447
606 200 129 208.95553576536648
607 200 151 398.4072693112683
608 200 954 300.77304560803685
609 201 73 37.59112471353318
610 202 273 539.1528777377794
611 203 376 445.8949592898487
612 203 447 268.889735232084
613 203 643 662.6258555679781
614 203 755 401.13265759822383
615 203 950 560.2607905587195
616 204 178 210.14997793985825
617 204 461 390.2761458548942
618 204 607 443.0635465090713
619 205 935 271.19277647856
620 206 92 92.9013842922134
621 206 174 318.9643783458892
622 206 740 383.55602696540984
623 206 769 378.06599483668947
624 206 835 75.85086214781815
625 207 240 626.5251229394064
626 207 667 185.7539834751233
627 208 400 204.07072383126402
628 209 15 375.71186845540086
629 209 629 331.67633685220807
630 210 162 474.154188807614
631 210 424 325.12765479969744
632 211 103 208.1017407835483
633 211 821 309.7111981132929
634 211 858 361.20594230076586
635 211 921 123.93008846339116
636 211 987 479.14726334451683
637 212 413 201.6697171943826
638 212 555 596.4010556069907
639 212 589 158.3203364344541
640 212 985 483.88817846098675
641 213 122 165.763200174132
642 213 132 433.56157908326594
643 213 271 477.5083927241561
644 214 111 396.78351303834586
645 214 125 407.0323442228814
646 214 591 139.57834903216568
647 215 490 500.4071038640026
648 215 500 203.66465661500106
649 215 867 194.63071428245593
650 215 989 274.472462115791
651 216 704 154.16697276778928
652 216 769 248.66871016343035
653 216 970 241.40426467956755
654 216 972 393.6730178465016
655 217 126 314.51268527944814
656 217 230 273.22771963158937
657 217 453 577.5249079831107
658 218 247 606.7615667792833
659 218 253 243.15686072962444
660 219 190 405.19945835747177
661 220 253 198.23066241110834
662 220 839 180.0759281406994
663 221 648 591.5682592554341
664 222 438 264.9329597932517
665 222 537 172.6569584427185
666 223 327 577.2533974960995
667 223 465 612.9414741699159
668 223 582 187.77696106486832
669 223 785 461.13013037355444
670 224 354 517.0195208547128
671 224 498 759.9577311757058
672 224 694 346.6239679307599
673 224 751 840.9490168276548
674 224 954 454.63821794548
675 225 367 384.55045342655825
676 225 467 417.3841249428611
677 225 597 419.64877272683316
678 225 607 549.7255812182317
679 225 616 723.8659501866689
680 225 736 443.74196372791056
681 225 951 7.696188507472051
682 226 820 211.99268055270883
683 227 763 191.30182676107685
684 227 875 313.8413901917763
685 228 627 463.23304789317456
686 228 759 422.27982404746285
687 229 175 492.0785155009055
688 229 944 35.71444694374463
689 230 43 130.07010555183479
690 230 217 273.22771963158937
691 231 927 83.36680784259997
692 232 890 486.5765577554233
693 233 971 159.60030060027293
694 235 355 483.50976423676315
695 235 479 366.3671806043186
696 235 521 246.96560203053826
697 236 1 586.5696921879843
698 236 15 726.7632665497188
699 236 898 541.1060907743037
700 236 955 442.45728155594765
701 236 979 598.0864231543399
702 237 273 313.4697204893613
703 237 714 675.9934278785021
704 237 807 229.22179197885603
705 238 13 289.01548820794875
706 238 26 175.18865660177485
707 238 420 399.95467835542695
708 238 664 400.5629052624417
709 239 139 554.0114815586658
710 239 604 639.1267557489821
711 239 875 680.2162753442575
712 240 207 626.5251229394064
713 240 285 206.35584077509736
714 240 679 346.1522408747364
715 241 119 122.28566772312085
716 241 400 94.33066501754182
717 241 498 482.513034394804
718 241 772 297.55505900624894
719 241 869 294.16929363102037
720 242 197 229.94508233995464
721 242 618 527.8723180464424
722 242 631 164.3185533780023
723 243 191 287.32060838766864
724 243 452 498.714541444806
725 243 553 293.2967962806181
726 243 590 327.66979742489224
727 244 18 491.05514911300713
728 245 0 429.3743431138005
729 245 861 388.5244545640289
730 246 70 440.37416070853027
731 246 97 498.06851975612193
732 246 123 563.4311257171729
733 247 166 255.85100078221978
734 247 218 606.7615667792833
735 247 923 581.3491863488141
736 248 336 228.40313578081768
737 248 941 211.3686594204502
738 248 947 144.17637283239367
739 249 263 142.0924602137244
740 249 273 580.8469313216548
741 250 20 496.81389594658907
742 250 353 183.8571516415783
743 250 469 107.39377867035414
744 251 131 179.85734177666816
745 251 419 209.37533582069258
746 251 799 241.97061703292687
747 252 177 488.65513748192893
748 252 613 264.81221578050554
749 252 882 230.70433220862657
750 253 218 243.15686072962444
751 253 220 198.23066241110834
752 253 712 588.8658394470342
753 254 44 580.6418886733414
754 254 998 755.1474276267351
755 256 484 159.46985918013988
756 256 731 128.02421167378523
757 256 857 93.20045347152096
758 257 302 575.1638740430282
759 257 500 620.0297256229331
760 257 860 664.4180066156194
761 257 938 162.23959219593624
762 258 880 251.8030570080082
763 258 943 402.1500570574122
764 259 851 366.13808755893166
765 259 864 217.40181311828908
766 260 15 457.8383424193586
767 260 921 405.0891614169716
768 260 992 501.5980952815554
769 261 357 315.2499727907034
770 261 608 141.91639499111722
771 261 780 292.1541957028605
772 261 948 88.23615729378142
773 261 995 309.8529286364262
774 262 320 342.09902800194163
775 262 347 186.80341391502876
776 262 354 85.34293460512046
777 263 249 142.0924602137244
778 263 526 349.64147558286794
779 263 784 253.88091808987252
780 264 91 165.68757808025157
781 265 368 165.1523906519243
782 265 557 443.0306565353417
783 265 597 235.77174342021974
784 266 83 566.3827151758164
785 266 379 309.3528216769028
786 267 534 34.56099208256066
787 267 719 237.47897881249156
788 267 865 176.5245156243555
789 267 980 446.8312929573955
790 268 554 289.08583347970244
791 269 783 468.1867077449266
792 269 844 382.0994468927482
793 270 504 271.37472471089035
794 270 728 164.42579369155433
795 270 854 164.70980322716116
796 270 892 186.61997096784896
797 271 213 477.5083927241561
798 272 589 365.863474915996
799 272 863 337.9847332688367
800 273 202 539.1528777377794
801 273 237 313.4697204893613
802 273 249 580.8469313216548
803 273 312 42.408884233582725
804 273 772 748.1872004280003
805 274 360 336.50054151990884
806 274 803 284.90414757993915
807 274 826 56.637431530017786
808 274 853 29.23934283848969
809 275 22 594.5507640359398
810 275 781 143.21154854577273
811 275 889 554.5240725762369
812 276 841 198.38276321344048
813 277 342 364.83498782852746
814 277 623 586.6286712406834
815 278 129 298.4260701288334
816 278 339 34.19239311379322
817 278 349 419.1878563237181
818 278 901 217.1154405758474
819 278 986 472.8720432176189
820 279 493 128.0728186780454
821 279 636 406.8585362123628
822 279 955 408.56221126898134
823 280 126 152.92300093510025
824 281 324 209.35138352768266
825 282 300 620.6809152098944
826 282 470 213.27829849894383
827 283 12 775.0419725616907
828 283 15 93.93861521257715
829 284 52 191.0030259823311
830 284 149 70.40498306274061
831 284 181 419.8511006770235
832 284 545 176.93057026450353
833 285 240 206.35584077509736
834 286 621 521.8669211875797
835 287 71 444.84863068813945
836 287 684 333.5722769801373
837 287 882 296.10229426961513
838 288 426 331.5327135422888
839 289 58 559.6247523901545
840 289 646 607.1195930458019
841 290 19 450.04387589675594
842 291 467 252.26883227680446
843 291 699 254.8477291010965
844 291 880 356.70318827936114
845 292 392 311.8140261254768
846 293 465 260.1786708966565
847 293 581 255.36827404106344
848 293 853 295.1901333171187
849 294 890 592.956118058241
850 295 65 295.74050252850566
851 296 311 462.91445353795683
852 296 325 628.5737829367437
853 296 727 527.901891614862
854 296 820 425.06844063000864
855 297 673 170.58884695081386
856 297 714 501.7579475934544
857 298 781 384.61648663059304
858 299 598 200.2756415930823
859 300 98 500.3793779829355
860 300 282 620.6809152098944
861 300 449 323.52209816805026
862 300 748 545.763808824996
863 300 900 495.98564358001397
864 301 954 417.79491924466885
865 302 25 713.7994958069194
866 302 257 575.1638740430282
867 302 590 115.15437668546201
868 302 879 460.2757120513348
869 303 414 517.8968024044764
870 303 560 393.47484072773454
871 303 670 107.62705680425188
872 303 875 556.975052650025
873 304 437 119.54100765885724
874 304 550 328.7358697069718
875 304 596 106.43805712829902
876 305 64 196.2896258092527
877 305 743 270.55846073999174
878 305 837 267.5222737776654
879 306 644 400.0196806506264
880 307 15 519.1028191214355
881 307 113 484.86351898238684
882 307 671 630.3497143795184
883 308 772 513.907467631112
884 309 537 578.4023718898424
885 310 425 289.6416615165271
886 310 511 437.39090326342523
887 311 163 241.88078833342257
888 311 296 462.91445353795683
889 312 273 42.408884233582725
890 312 410 550.4610214660091
891 312 667 589.697123924444
892 313 943 191.73956004129374
893 314 648 510.8749064549688
894 315 106 482.76297825113596
895 315 618 405.96005812355753
896 315 675 349.44553347554074
897 316 159 394.37210219267496
898 316 193 93.32159458580567
899 316 369 381.06598406398956
900 317 415 234.9513195393558
901 317 719 445.9131720400895
902 317 744 333.13310010276416
903 317 987 225.42936971192097
904 318 61 146.73960216860314
905 318 843 380.0683358872172
906 318 958 253.8742270947468
907 319 422 350.87962092063333
908 320 262 342.09902800194163
909 320 573 339.0923385519504
910 321 22 663.1646189092811
911 321 696 576.1302740763774
912 321 906 81.51608714033452
913 322 431 463.1288064726388
914 322 926 439.4470113589265
915 323 55 612.1154973665821
916 323 178 517.1617093596635
917 323 619 56.71948493738153
918 323 651 191.57640490059853
919 323 963 740.9273536184811
920 324 85 319.8639487700228
921 324 281 209.35138352768266
922 324 741 341.99806253766
923 325 93 353.66156678556973
924 325 296 628.5737829367437
925 325 622 743.0823867607236
926 326 163 654.2512123798942
927 327 155 370.3620536754374
928 327 223 577.2533974960995
929 327 653 299.49548153616587
930 327 805 233.7135788783722
931 328 6 499.99842100057117
932 328 17 252.96880627275283
933 328 480 547.4796470366995
934 328 707 485.24157741037345
935 328 801 514.6244384445525
936 329 409 121.41231613592903
937 329 541 459.7030219640303
938 330 596 558.660967149964
939 331 362 215.18012409726262
940 331 831 414.9210322600272
941 331 926 419.7326418067086
942 332 58 180.32047565243133
943 332 77 506.0995265831222
944 332 104 587.7218406686704
945 332 381 420.131870470491
946 332 610 368.27099247759213
947 333 164 281.04396277832586
948 333 410 442.19478430788615
949 333 489 253.05970554276703
950 333 518 177.84944240202006
951 334 485 54.554979114824114
952 334 686 209.3380289263403
953 334 983 36.90527244739113
954 335 97 301.792302160622
955 336 107 374.7317705430235
956 336 126 191.479488702562
957 336 248 228.40313578081768
958 336 343 459.7808248271956
959 336 365 234.89653680727974
960 336 700 293.1647080539624
961 337 56 293.92193955342606
962 337 88 246.32283704373532
963 337 917 212.7009029411065
964 337 930 259.4477969093849
965 337 940 144.13992543492776
966 339 278 34.19239311379322
967 339 471 570.0190747634433
968 339 763 401.2333605977862
969 339 880 531.9363507985188
970 340 154 500.1659210430379
971 340 647 123.88014048522433
972 341 785 219.2033885248686
973 341 918 548.5790279237516
974 341 945 384.883070788443
975 342 277 364.83498782852746
976 342 825 187.76639402739687
977 342 883 295.71019872139476
978 343 86 765.5240365989722
979 343 105 491.4585897188311
980 343 336 459.7808248271956
981 344 160 317.53697096251534
982 344 875 451.86150786061455
983 345 36 266.25438203629454
984 345 187 350.91072004256455
985 345 777 156.19806383844065
986 346 379 102.69513557194806
987 346 603 196.97271467147914
988 347 13 21.74720050555517
989 347 92 397.75356754209827
990 347 262 186.80341391502876
991 348 18 256.6554153607972
992 348 135 334.17508154780177
993 348 395 396.1760331511019
994 348 536 205.42747672317515
995 349 82 274.49211161506616
996 349 278 419.1878563237181
997 349 827 91.59291425930824
998 350 601 540.2365418193515
999 350 613 401.81999289456394
1000 350 827 174.44228202117748
1001 351 711 425.9232928402852
1002 351 815 646.6295242585542
1003 352 370 390.5055383920705
1004 352 433 486.47540350706134
1005 353 34 323.4707309996919
1006 353 250 183.8571516415783
1007 353 512 260.7031845350827
1008 353 980 477.1118570125566
1009 354 224 517.0195208547128
1010 354 262 85.34293460512046
1011 354 390 374.7471105960965
1012 354 394 204.65460039630509
1013 355 235 483.50976423676315
1014 355 887 517.3636869787903
1015 356 441 300.0989915436528
1016 356 649 267.76482474259905
1017 356 768 200.8162973414362
1018 356 792 355.57079178662286
1019 357 142 324.02052113379426
1020 357 261 315.2499727907034
1021 357 932 359.1909737834253
1022 358 592 242.34594774560452
1023 359 156 388.3889071907649
1024 359 763 443.8577314923342
1025 359 896 693.6833704670295
1026 360 274 336.50054151990884
1027 360 488 78.1175949498494
1028 360 587 423.6897354714633
1029 360 629 448.30471829934277
1030 360 786 337.3651692836364
1031 361 379 227.06949711257667
1032 361 516 435.6553688372103
1033 361 982 329.8149442582947
1034 362 16 179.07347844234712
1035 362 331 215.18012409726262
1036 362 384 297.0414276012151
1037 362 707 152.8822013839079
1038 362 899 286.1828414580589
1039 363 138 246.2887684445163
1040 363 681 203.7280851193986
1041 363 720 198.3403198918899
1042 364 105 159.99957081219986
1043 364 397 446.35282394974695
1044 364 475 626.5564181146302
1045 364 600 108.55286820127655
1046 365 138 88.52795423330298
1047 365 336 234.89653680727974
1048 365 601 547.0485998794495
1049 366 114 341.65726602789573
1050 366 889 519.7386732109758
1051 367 88 189.44191810776056
1052 367 225 384.55045342655825
1053 367 584 106.9303340781869
1054 368 265 165.1523906519243
1055 368 372 185.5184295606027
1056 368 547 306.8156907242214
1057 368 786 415.89475543547957
1058 369 316 381.06598406398956
1059 369 724 527.8062321487616
1060 369 869 261.0839723160295
1061 370 352 390.5055383920705
1062 370 397 545.427695627105
1063 370 445 419.44332334071873
1064 370 557 175.89827504918165
1065 370 568 606.4650258915954
1066 370 588 458.6112941023604
1067 371 699 263.2355644832236
1068 371 822 429.47885650858103
1069 371 899 279.0857302615254
1070 372 368 185.5184295606027
1071 372 472 213.10832347686383
1072 372 691 145.7412934000896
1073 372 746 252.86221854899463
1074 373 45 118.26302125365414
1075 373 413 365.28414865844877
1076 374 381 359.3826079440993
1077 374 667 395.89142160400127
1078 374 733 531.3287358142782
1079 376 203 445.8949592898487
1080 376 929 111.8425339854818
1081 377 128 354.2674378849952
1082 377 699 571.4270401928657
1083 378 717 587.465116283942
1084 379 137 387.4408854357713
1085 379 180 238.2818561257273
1086 379 266 309.3528216769028
1087 379 346 102.69513557194806
1088 379 361 227.06949711257667
1089 379 647 301.66598649094385
1090 379 780 495.1976478840425
1091 380 3 339.316575189711
1092 380 187 232.63274965066276
1093 380 731 386.05198429930067
1094 381 332 420.131870470491
1095 381 374 359.3826079440993
1096 381 399 336.9430432850091
1097 381 767 59.42559400936956
1098 381 781 105.29936919895643
1099 382 99 397.0218870858515
1100 382 593 215.7961988225628
1101 382 790 705.1023630092923
1102 382 803 639.1477271346612
1103 383 566 530.2274031792974
1104 383 687 299.1140530078367
1105 383 935 231.0598589692637
1106 384 362 297.0414276012151
1107 385 42 516.6094241746438
1108 385 610 358.4638415625481
1109 386 53 465.8904235231118
1110 386 677 334.4567044187151
1111 387 175 372.5393081973811
1112 387 602 422.41471577740424
1113 388 407 270.52773832608716
1114 388 600 295.7920463376225
1115 388 995 61.18632182861834
1116 389 752 363.94388620887696
1117 390 56 28.236127515647933
1118 390 80 312.01088434393216
1119 390 161 648.8356800324798
1120 390 354 374.7471105960965
1121 390 901 391.81754276175843
1122 390 922 16.381060275721183
1123 392 292 311.8140261254768
1124 392 483 89.80665110695375
1125 393 18 119.10247026239003
1126 393 491 245.1397606896869
1127 394 354 204.65460039630509
1128 394 582 504.1044279095263
1129 395 348 396.1760331511019
1130 395 679 566.1898446097741
1131 396 30 434.00922757089097
1132 396 129 463.05033942355817
1133 397 110 334.8414968249068
1134 397 364 446.35282394974695
1135 397 370 545.427695627105
1136 397 446 340.92979735524716
1137 399 381 336.9430432850091
1138 399 408 437.4980606781503
1139 399 773 561.5812267095127
1140 400 208 204.07072383126402
1141 400 241 94.33066501754182
1142 400 402 216.17324764259357
1143 400 716 309.04607759127526
1144 401 780 230.65430134959098
1145 402 5 523.3146145884616
1146 402 400 216.17324764259357
1147 402 853 325.3626930461055
1148 403 428 259.56153379425825
1149 403 872 263.30833669081665
1150 403 928 87.90533320683016
1151 404 162 391.3073536930594
1152 404 192 196.13763028917856
1153 405 907 327.45973033044646
1154 405 953 459.85812433758707
1155 406 841 210.55016382784328
1156 406 871 466.00609441312724
1157 407 388 270.52773832608716
1158 407 421 358.38669732518156
1159 407 426 410.8491861156351
1160 407 595 227.13539050300926
1161 408 399 437.4980606781503
1162 408 529 601.9146753733585
1163 409 329 121.41231613592903
1164 410 312 550.4610214660091
1165 410 333 442.19478430788615
1166 410 491 109.11693984087954
1167 410 561 262.5953859179421
1168 410 613 331.54461155989827
1169 410 947 411.1610630062773
1170 411 130 670.1042279162863
1171 411 912 529.7079429933933
1172 411 983 159.66923952569377
1173 412 130 169.8644962107114
1174 412 778 73.1265518389941
1175 412 810 690.5620430866735
1176 412 909 255.04392194433882
1177 413 212 201.6697171943826
1178 413 373 365.28414865844877
1179 413 525 363.00045527602487
1180 414 303 517.8968024044764
1181 415 78 151.86257330802704
1182 415 317 234.9513195393558
1183 415 970 109.32265471262504
1184 416 700 494.62503058110815
1185 417 105 289.2655624748655
1186 417 124 238.0638759903268
1187 417 939 124.99005114396842
1188 418 102 103.24597900662394
1189 419 251 209.37533582069258
1190 419 820 163.18020358085326
1191 419 949 357.76369900148194
1192 419 965 145.85805477777464
1193 420 238 399.95467835542695
1194 420 889 595.196780253943
1195 421 5 176.54724736778624
1196 421 40 481.54464180389243
1197 421 407 358.38669732518156
1198 421 494 202.5963413725704
1199 421 941 480.7641807791501
1200 422 32 73.92679969391936
1201 422 319 350.87962092063333
1202 422 645 282.58832229987405
1203 422 650 333.7353180239295
1204 422 667 359.70298754521264
1205 423 584 182.133758223224
1206 423 586 84.21715713251648
1207 424 32 188.79570219856322
1208 424 210 325.12765479969744
1209 424 926 95.83452313141909
1210 424 985 381.9361964339823
1211 425 125 336.96293582422044
1212 425 310 289.6416615165271
1213 425 487 463.94512234289164
1214 425 884 680.4728879579803
1215 426 288 331.5327135422888
1216 426 407 410.8491861156351
1217 426 548 320.1107251358512
1218 427 560 573.0250703942141
1219 427 614 288.09038702782135
1220 428 403 259.56153379425825
1221 428 683 295.1566212019176
1222 429 709 283.872945373371
1223 429 855 304.9446331748424
1224 430 124 515.3345068870794
1225 430 161 750.1163797953939
1226 430 674 551.952733761413
1227 430 690 659.3967262269292
1228 430 881 628.1042393751053
1229 430 928 188.4696353747988
1230 430 970 327.29608869907776
1231 431 2 413.0041837021645
1232 431 34 500.4681411131372
1233 431 322 463.1288064726388
1234 431 686 413.32396242697496
1235 433 352 486.47540350706134
1236 433 900 442.25742818710705
1237 434 568 522.2723766812982
1238 434 672 255.76755754329085
1239 434 871 311.153079831485
1240 435 684 351.8858779562492
1241 435 810 65.31501090413094
1242 437 98 116.00398405699485
1243 437 114 287.21196815946575
1244 437 119 133.50046572921596
1245 437 182 386.9655837736197
1246 437 304 119.54100765885724
1247 437 471 256.2459007914941
1248 437 902 89.55097385969796
1249 438 222 264.9329597932517
1250 438 792 300.2076756679647
1251 438 858 346.6799008467554
1252 439 23 564.2628060144826
1253 439 85 551.616587903864
1254 439 86 219.1197337944705
1255 439 885 454.32740249062283
1256 440 654 581.4273587783013
1257 441 16 60.57187264488074
1258 441 157 170.81205722390217
1259 441 356 300.0989915436528
1260 441 688 338.6442864205383
1261 441 998 443.03161882830557
1262 442 558 391.91406604976663
1263 442 601 241.0633414230283
1264 442 627 318.89209619428846
1265 442 915 46.11485919593854
1266 443 167 474.0294981796576
1267 443 618 163.0317433817789
1268 443 894 227.6555271594552
1269 444 188 342.1416950848207
1270 444 685 602.8955645932298
1271 444 917 188.84414794898314
1272 444 947 397.9724696678385
1273 445 42 178.85359118178232
1274 445 370 419.44332334071873
1275 446 147 436.11318509607366
1276 446 151 382.23322177688163
1277 446 397 340.92979735524716
1278 446 844 61.750031048289806
1279 447 70 605.0969013487629
1280 447 203 268.889735232084
1281 447 899 185.3374423519183
1282 447 936 374.9670443963883
1283 448 30 302.0073715853722
1284 448 818 305.32430731719387
1285 449 300 323.52209816805026
1286 450 602 565.9539243171996
1287 450 679 651.1235421249953
1288 450 979 367.9020820335991
1289 451 43 99.03467082979209
1290 451 70 305.27380604986143
1291 451 843 220.04239628327707
1292 452 171 118.75144703632431
1293 452 243 498.714541444806
1294 452 605 473.3096558088309
1295 453 217 577.5249079831107
1296 453 503 650.9658833529612
1297 454 773 502.6336500402202
1298 454 830 519.881170812382
1299 456 461 337.228746600392
1300 456 462 302.2328491416394
1301 456 738 161.72643634152112
1302 456 899 324.31101396844525
1303 457 459 565.7725967158328
1304 457 726 459.2279941666616
1305 457 750 531.878723434967
1306 458 28 326.9877517253652
1307 459 457 565.7725967158328
1308 459 882 699.0063501064914
1309 460 18 335.1120436642684
1310 460 579 271.6117636380346
1311 460 831 120.47692017677609
1312 461 63 294.73539671500544
1313 461 90 158.08497180264862
1314 461 204 390.2761458548942
1315 461 456 337.228746600392
1316 461 707 221.6405545015574
1317 461 773 321.0224720037048
1318 461 876 100.53996235859066
1319 462 177 766.9854500541088
1320 462 456 302.2328491416394
1321 463 491 481.180134761162
1322 463 676 626.9015387623563
1323 463 687 150.4369480916991
1324 463 764 131.00424727504975
1325 464 15 303.55606854897394
1326 465 223 612.9414741699159
1327 465 293 260.1786708966565
1328 465 769 180.06159999021412
1329 465 836 466.8222466044276
1330 465 917 219.13698839503442
1331 465 924 151.891301935448
1332 466 508 124.41396106148092
1333 466 533 528.075478423832
1334 466 550 113.57724660541888
1335 467 182 547.9818454938207
1336 467 225 417.3841249428611
1337 467 291 252.26883227680446
1338 467 933 423.53040043916695
1339 468 859 399.78550340943815
1340 469 250 107.39377867035414
1341 470 39 476.2747365500742
1342 470 282 213.27829849894383
1343 470 502 857.9062124459522
1344 470 603 385.4610552501988
1345 471 339 570.0190747634433
1346 471 437 256.2459007914941
1347 471 563 331.75827732296824
1348 471 713 362.923889461929
1349 472 372 213.10832347686383
1350 472 573 298.3887010000427
1351 472 645 281.71427179698327
1352 472 747 249.71244341569013
1353 473 81 724.9316948009903
1354 473 484 112.00495487411669
1355 475 364 626.5564181146302
1356 475 567 647.1253008603882
1357 476 163 777.5002791432727
1358 476 478 485.5159483363645
1359 476 507 503.10120324582425
1360 477 65 466.7926426586843
1361 477 68 222.67339063208507
1362 477 112 351.26650420009645
1363 477 494 244.52095011988754
1364 477 553 320.06393897454853
1365 477 554 468.80907199947507
1366 477 695 564.589993447528
1367 478 476 485.5159483363645
1368 478 851 253.19579835190106
1369 479 75 226.82047503187806
1370 479 150 431.0399934434164
1371 479 235 366.3671806043186
1372 479 501 322.928470522644
1373 479 510 377.3023620754602
1374 479 534 442.574827650523
1375 479 581 181.8232127640523
1376 480 328 547.4796470366995
1377 480 544 867.5154627227594
1378 480 676 138.54428418411732
1379 480 731 545.7878140630351
1380 480 845 708.1446918672077
1381 481 195 499.4351641649139
1382 481 841 165.7145736160184
1383 481 846 223.18979965916927
1384 481 943 219.20787512764738
1385 482 195 492.4484336105368
1386 482 606 324.6799227096478
1387 482 613 408.41487725998536
1388 482 770 71.31273818108095
1389 483 392 89.80665110695375
1390 483 510 583.814719477994
1391 483 584 87.84976294302705
1392 483 659 278.33260411318224
1393 483 783 251.82173717614543
1394 483 838 416.7280484970086
1395 483 971 321.1279975121985
1396 484 31 347.2000175719678
1397 484 256 159.46985918013988
1398 484 473 112.00495487411669
1399 485 334 54.554979114824114
1400 485 679 723.4528981283999
1401 485 704 507.8922766012703
1402 485 913 327.5917894897713
1403 486 162 449.55858960452986
1404 486 501 336.3567176217682
1405 486 655 522.8269137355046
1406 486 940 490.2251183088069
1407 487 425 463.94512234289164
1408 487 558 390.3442466128215
1409 487 854 69.65665361118285
1410 488 360 78.1175949498494
1411 488 563 296.9693432454393
1412 489 108 107.59942088303332
1413 489 333 253.05970554276703
1414 489 510 550.4095103073754
1415 489 515 646.97960993796
1416 490 215 500.4071038640026
1417 490 514 300.46038274328566
1418 490 614 487.5359733014193
1419 490 723 487.02493568109537
1420 491 393 245.1397606896869
1421 491 410 109.11693984087954
1422 491 463 481.180134761162
1423 491 951 250.5194865883023
1424 492 795 628.4230271032436
1425 493 181 273.14753630712516
1426 493 279 128.0728186780454
1427 493 498 266.7310837167223
1428 493 817 533.0699332284763
1429 493 845 504.75826324573285
1430 493 929 363.12434017990535
1431 493 949 319.3987047947107
1432 494 421 202.5963413725704
1433 494 477 244.52095011988754
1434 494 541 192.98709022841172
1435 494 723 330.7439579028657
1436 495 169 275.8656378003648
1437 495 518 234.70233332201352
1438 495 845 354.9788680842031
1439 497 557 353.6952375213346
1440 498 86 277.2202273213238
1441 498 160 375.1119478932753
1442 498 224 759.9577311757058
1443 498 241 482.513034394804
1444 498 493 266.7310837167223
1445 498 629 563.8119586626594
1446 499 186 94.35240190542847
1447 499 663 368.06097717534294
1448 500 215 203.66465661500106
1449 500 257 620.0297256229331
1450 500 545 451.5639209457661
1451 500 808 541.5605677724236
1452 501 479 322.928470522644
1453 501 486 336.3567176217682
1454 501 514 530.2465542504002
1455 501 699 488.5820912101784
1456 501 757 289.04656331905693
1457 501 821 182.22317943536981
1458 501 988 606.3333893622763
1459 502 470 857.9062124459522
1460 502 777 484.36263494301534
1461 502 861 538.6601937481273
1462 503 453 650.9658833529612
1463 504 173 194.96285843326473
1464 504 270 271.37472471089035
1465 504 555 220.57186112215882
1466 505 646 368.1753188630178
1467 505 930 524.9358378354839
1468 505 991 293.1602313491798
1469 506 72 375.33518001161883
1470 506 737 402.9103906443337
1471 506 829 433.5544098956325
1472 507 476 503.10120324582425
1473 507 741 186.80781632070025
1474 508 184 211.95882252361415
1475 508 466 124.41396106148092
1476 508 630 549.7267544889644
1477 508 983 514.1697896555359
1478 509 156 199.33568038251448
1479 509 198 444.9511127591811
1480 510 479 377.3023620754602
1481 510 483 583.814719477994
1482 510 489 550.4095103073754
1483 510 544 251.4718133821239
1484 510 777 446.88096334875837
1485 510 840 194.7841881188191
1486 511 310 437.39090326342523
1487 512 104 249.29750917065243
1488 512 353 260.7031845350827
1489 513 41 525.843737848017
1490 513 62 140.38573066638438
1491 514 140 439.4410426470078
1492 514 490 300.46038274328566
1493 514 501 530.2465542504002
1494 514 540 303.56678846044116
1495 514 883 215.60290959957638
1496 514 892 57.034226304463964
1497 515 489 646.97960993796
1498 515 864 105.22735768979636
1499 516 361 435.6553688372103
1500 516 569 465.51421880874165
1501 517 672 450.67253107409215
1502 517 802 123.27930634887743
1503 518 127 350.5003825037615
1504 518 333 177.84944240202006
1505 518 495 234.70233332201352
1506 518 614 434.95317936666703
1507 518 840 430.9434481157547
1508 519 771 423.4839406325357
1509 521 15 486.24800846481475
1510 521 95 247.12357439613285
1511 521 235 246.96560203053826
1512 521 761 379.9178792517441
1513 521 791 288.8688732237171
1514 522 753 365.01743155681015
1515 523 116 120.027873902842
1516 523 686 558.3344783488856
1517 523 996 200.63633082848276
1518 524 199 414.35505796927447
1519 524 725 665.808264177692
1520 524 852 227.8477025960087
1521 525 78 251.57014595864453
1522 525 413 363.00045527602487
1523 525 949 197.52093866563644
1524 526 88 320.03039798818656
1525 526 263 349.64147558286794
1526 526 738 515.8935459154928
1527 527 143 245.0460560717266
1528 527 649 363.64155919960973
1529 528 153 477.74649241788234
1530 528 826 306.95185129015584
1531 529 408 601.9146753733585
1532 529 717 311.0966890067731
1533 530 30 583.8268095514422
1534 530 539 164.97796383560635
1535 530 554 558.6701830630586
1536 530 749 100.11992461410485
1537 530 824 249.8755301177921
1538 531 552 549.369768374615
1539 531 831 323.56100555490985
1540 532 90 462.72850566635753
1541 532 922 361.36736369869107
1542 533 74 668.4944788597196
1543 533 195 584.8900211137467
1544 533 466 528.075478423832
1545 534 267 34.56099208256066
1546 534 479 442.574827650523
1547 535 886 356.6348592479793
1548 536 178 109.52879384638716
1549 536 348 205.42747672317515
1550 537 143 194.0510315876922
1551 537 222 172.6569584427185
1552 537 309 578.4023718898424
1553 537 629 250.1183566469128
1554 537 654 458.49515452104845
1555 538 21 286.95353782561534
1556 538 566 79.00394644626573
1557 538 784 318.7579263099704
1558 538 799 322.17428392149145
1559 539 530 164.97796383560635
1560 539 648 92.51464912330623
1561 539 912 203.15747649482148
1562 540 50 641.0296484285393
1563 540 88 252.2933603604662
1564 540 514 303.56678846044116
1565 541 329 459.7030219640303
1566 541 494 192.98709022841172
1567 541 622 663.5935057092211
1568 541 791 617.6125412596626
1569 542 756 71.10111939355015
1570 542 940 601.0461230467897
1571 543 65 404.66175716476624
1572 544 10 482.96143547462844
1573 544 119 457.5879704989195
1574 544 174 430.5453797269823
1575 544 480 867.5154627227594
1576 544 510 251.4718133821239
1577 544 695 170.6458341800273
1578 544 697 568.8328210372292
1579 544 889 578.2939095524623
1580 545 60 382.2609167108474
1581 545 284 176.93057026450353
1582 545 500 451.5639209457661
1583 545 569 251.49597491690275
1584 545 631 422.8478788824555
1585 545 693 128.0330225041575
1586 546 11 488.0011802019833
1587 547 33 348.05430282890967
1588 547 368 306.8156907242214
1589 548 426 320.1107251358512
1590 548 688 134.79425759954137
1591 548 825 265.172188531232
1592 548 967 268.45348384056985
1593 549 657 505.8512148114569
1594 550 304 328.7358697069718
1595 550 466 113.57724660541888
1596 550 781 407.3111177365195
1597 551 578 368.9042199096245
1598 552 53 349.6172538112228
1599 552 133 270.62819125615243
1600 552 149 603.8293972842049
1601 552 158 51.02629262093451
1602 552 531 549.369768374615
1603 552 626 579.6583697728398
1604 552 652 318.649155575925
1605 552 706 437.6382491381936
1606 552 785 334.8836166584663
1607 553 243 293.2967962806181
1608 553 477 320.06393897454853
1609 553 884 247.25959427037776
1610 553 998 346.1348903625011
1611 554 268 289.08583347970244
1612 554 477 468.80907199947507
1613 554 530 558.6701830630586
1614 555 212 596.4010556069907
1615 555 504 220.57186112215882
1616 555 945 745.1579401947848
1617 557 265 443.0306565353417
1618 557 370 175.89827504918165
1619 557 497 353.6952375213346
1620 557 600 340.69765969643055
1621 557 683 149.1114297559491
1622 558 442 391.91406604976663
1623 558 487 390.3442466128215
1624 558 627 78.78221788639736
1625 558 854 396.52279537580165
1626 558 883 484.16098681850855
1627 559 40 92.5646371781939
1628 559 608 421.5481646371024
1629 560 43 312.3824955992774
1630 560 44 397.82691631689914
1631 560 303 393.47484072773454
1632 560 427 573.0250703942141
1633 560 638 671.9355576149172
1634 560 915 220.19808336470527
1635 560 954 360.939196592884
1636 561 136 253.8443148869293
1637 561 410 262.5953859179421
1638 561 744 297.04615383825336
1639 561 830 182.5655221902779
1640 562 32 185.94375131950036
1641 562 957 188.2014359587277
1642 563 471 331.75827732296824
1643 563 488 296.9693432454393
1644 563 823 176.62584814979718
1645 564 15 357.0131390284866
1646 564 57 380.09010829022435
1647 564 630 651.7729766979327
1648 564 698 707.2728619738635
1649 565 52 392.847656602562
1650 566 383 530.2274031792974
1651 566 538 79.00394644626573
1652 566 645 547.0107988164068
1653 567 475 647.1253008603882
1654 567 804 523.7800073760579
1655 567 877 615.3280869310219
1656 568 113 213.67346713375744
1657 568 370 606.4650258915954
1658 568 434 522.2723766812982
1659 569 516 465.51421880874165
1660 569 545 251.49597491690275
1661 569 987 490.3030837564853
1662 570 104 572.796390514317
1663 570 702 404.02860751364875
1664 571 39 316.30133681984523
1665 573 320 339.0923385519504
1666 573 472 298.3887010000427
1667 573 598 137.49770559665708
1668 574 873 403.1816320327782
1669 575 751 195.74468643557998
1670 575 864 615.2225244098287
1671 576 138 235.97173572556795
1672 576 198 60.77590360521526
1673 576 937 305.6183922667557
1674 577 761 640.233792421232
1675 577 803 414.7995636724485
1676 577 973 513.0940747630794
1677 578 551 368.9042199096245
1678 578 711 583.6243174669225
1679 578 840 421.03136977049877
1680 578 874 561.9674981065995
1681 578 886 347.9783703016459
1682 579 76 233.12522389782336
1683 579 159 287.38105881964617
1684 579 460 271.6117636380346
1685 580 972 705.456580383099
1686 581 293 255.36827404106344
1687 581 479 181.8232127640523
1688 581 674 357.87931643342387
1689 581 744 261.87544351661757
1690 582 223 187.77696106486832
1691 582 394 504.1044279095263
1692 583 63 444.63407105234546
1693 583 802 284.9452032352178
1694 584 367 106.9303340781869
1695 584 423 182.133758223224
1696 584 483 87.84976294302705
1697 584 620 546.7515775075826
1698 585 162 441.1028423690292
1699 585 655 42.81832918310531
1700 585 790 167.3383680727067
1701 586 107 545.4317550701587
1702 586 423 84.21715713251648
1703 586 831 131.8854078013795
1704 586 837 373.7488346489476
1705 587 79 261.4241170177013
1706 587 360 423.6897354714633
1707 587 655 49.74517833090691
1708 587 732 220.22787758797892
1709 587 870 600.4894758758841
1710 588 45 503.2555553144651
1711 588 125 91.65622502322076
1712 588 370 458.6112941023604
1713 588 854 153.5993179466333
1714 588 878 336.329879834525
1715 589 212 158.3203364344541
1716 589 272 365.863474915996
1717 590 243 327.66979742489224
1718 590 302 115.15437668546201
1719 591 214 139.57834903216568
1720 591 984 320.21859498358316
1721 592 358 242.34594774560452
1722 592 697 580.0455020679417
1723 592 780 347.80314129067125
1724 592 820 241.30760857560344
1725 593 382 215.7961988225628
1726 593 868 16.938324274053834
1727 593 946 412.8941016851945
1728 594 35 191.2872938240334
1729 594 188 357.5650709511936
1730 594 616 415.0379240946396
1731 594 684 142.96498142828708
1732 595 407 227.13539050300926
1733 596 28 309.4758268124838
1734 596 64 309.209550040043
1735 596 122 437.7666417488282
1736 596 304 106.43805712829902
1737 596 330 558.660967149964
1738 596 906 75.45226978499022
1739 597 225 419.64877272683316
1740 597 265 235.77174342021974
1741 597 685 496.28406436774407
1742 597 864 636.0442984468456
1743 597 866 429.99468592739163
1744 598 60 352.8251977863509
1745 598 197 233.12294761789167
1746 598 299 200.2756415930823
1747 598 573 137.49770559665708
1748 598 943 198.0112193436606
1749 599 914 37.28948764862874
1750 600 364 108.55286820127655
1751 600 388 295.7920463376225
1752 600 557 340.69765969643055
1753 600 925 68.61589247803006
1754 601 350 540.2365418193515
1755 601 365 547.0485998794495
1756 601 442 241.0633414230283
1757 601 729 680.5406527378071
1758 601 891 581.9039235074525
1759 602 90 446.89257020188023
1760 602 387 422.41471577740424
1761 602 450 565.9539243171996
1762 602 719 60.20995396924703
1763 602 800 578.6901037640424
1764 602 813 159.82462244303005
1765 603 346 196.97271467147914
1766 603 470 385.4610552501988
1767 603 641 42.049761799770685
1768 603 924 204.81308210478093
1769 603 927 411.17110197485636
1770 604 239 639.1267557489821
1771 604 958 438.02392453637657
1772 605 17 23.809700625785002
1773 605 100 462.3346808258208
1774 605 104 23.0294706876856
1775 605 452 473.3096558088309
1776 605 786 253.1343033252298
1777 606 482 324.6799227096478
1778 607 44 448.2070525137185
1779 607 204 443.0635465090713
1780 607 225 549.7255812182317
1781 607 810 477.51138281572327
1782 608 261 141.91639499111722
1783 608 559 421.5481646371024
1784 609 33 400.6134229800978
1785 609 857 148.68247754668593
1786 610 332 368.27099247759213
1787 610 385 358.4638415625481
1788 611 800 320.1406098217662
1789 612 915 472.14346709828516
1790 613 252 264.81221578050554
1791 613 350 401.81999289456394
1792 613 410 331.54461155989827
1793 613 482 408.41487725998536
1794 614 26 339.67604549868145
1795 614 427 288.09038702782135
1796 614 490 487.5359733014193
1797 614 518 434.95317936666703
1798 615 776 594.7118370885179
1799 615 836 669.9050252992818
1800 616 225 723.8659501866689
1801 616 594 415.0379240946396
1802 616 780 664.2795133341623
1803 617 99 246.62621186501477
1804 617 793 390.5860920450457
1805 618 161 498.2634502217844
1806 618 242 527.8723180464424
1807 618 315 405.96005812355753
1808 618 443 163.0317433817789
1809 618 848 194.23764331441404
1810 619 88 411.6226994288331
1811 619 323 56.71948493738153
1812 619 689 405.37877055568373
1813 620 584 546.7515775075826
1814 620 888 561.3685415821237
1815 620 912 160.56421934864176
1816 621 286 521.8669211875797
1817 621 678 521.7281539748295
1818 621 714 163.656084503083
1819 621 779 312.98640180311816
1820 621 865 602.404692992828
1821 621 980 603.2953837580588
1822 622 42 364.45174768479995
1823 622 325 743.0823867607236
1824 622 541 663.5935057092211
1825 622 764 196.65268193907994
1826 623 277 586.6286712406834
1827 623 797 216.6811737425914
1828 624 877 550.5298929498122
1829 624 898 316.8655761577136
1830 625 772 110.70145546579596
1831 626 552 579.6583697728398
1832 627 21 277.51260886656576
1833 627 228 463.23304789317456
1834 627 442 318.89209619428846
1835 627 558 78.78221788639736
1836 628 653 256.44513811387503
1837 628 743 590.5427235907309
1838 629 29 447.9122524439972
1839 629 209 331.67633685220807
1840 629 360 448.30471829934277
1841 629 498 563.8119586626594
1842 629 537 250.1183566469128
1843 629 754 254.07548170494275
1844 629 789 589.4845676023568
1845 629 790 450.7269561289152
1846 630 164 434.8167429421091
1847 630 508 549.7267544889644
1848 630 564 651.7729766979327
1849 630 879 581.0231433770538
1850 631 242 164.3185533780023
1851 631 545 422.8478788824555
1852 631 682 247.57064105003641
1853 631 783 487.2719451681337
1854 632 718 491.61618972212375
1855 633 978 245.47792628845724
1856 634 988 84.20601062650836
1857 634 989 577.797592564975
1858 635 665 226.38651095825145
1859 636 279 406.8585362123628
1860 636 719 110.07803655892643
1861 637 155 406.0452008467284
1862 637 944 428.6737920952761
1863 638 190 269.54831323811055
1864 638 560 671.9355576149172
1865 638 643 203.9199541135884
1866 638 696 703.4970282982721
1867 638 894 356.9351773090652
1868 639 57 190.31950079327092
1869 639 970 166.04262052374918
1870 639 977 422.8717115004385
1871 639 981 199.32980063029174
1872 640 660 691.8336623800019
1873 640 700 159.8224209739829
1874 640 784 464.2788524658147
1875 641 603 42.049761799770685
1876 641 756 430.9286602249107
1877 643 203 662.6258555679781
1878 643 638 203.9199541135884
1879 643 706 458.8193606293521
1880 643 899 656.5763523360614
1881 644 33 472.6551993307464
1882 644 306 400.0196806506264
1883 645 422 282.58832229987405
1884 645 472 281.71427179698327
1885 645 566 547.0107988164068
1886 645 659 123.3781954239146
1887 646 130 490.2761775068904
1888 646 289 607.1195930458019
1889 646 505 368.1753188630178
1890 647 340 123.88014048522433
1891 647 379 301.66598649094385
1892 647 767 292.41364732312223
1893 648 221 591.5682592554341
1894 648 314 510.8749064549688
1895 648 539 92.51464912330623
1896 649 356 267.76482474259905
1897 649 527 363.64155919960973
1898 649 833 312.94813586489124
1899 650 422 333.7353180239295
1900 651 323 191.57640490059853
1901 651 742 310.4805603059225
1902 651 905 86.82779119503549
1903 652 108 324.9764552053571
1904 652 552 318.649155575925
1905 653 46 304.4334987797351
1906 653 327 299.49548153616587
1907 653 628 256.44513811387503
1908 654 440 581.4273587783013
1909 654 537 458.49515452104845
1910 654 846 463.6468620893328
1911 655 0 446.37669501646747
1912 655 28 472.0459259409029
1913 655 486 522.8269137355046
1914 655 585 42.81832918310531
1915 655 587 49.74517833090691
1916 655 793 63.28461380674999
1917 657 33 429.64736400665515
1918 657 549 505.8512148114569
1919 657 728 338.26153860496146
1920 658 965 72.27355312394141
1921 659 134 202.07770300188386
1922 659 483 278.33260411318224
1923 659 645 123.3781954239146
1924 660 53 698.4936984667507
1925 660 640 691.8336623800019
1926 661 160 467.7632750708631
1927 661 761 579.165453993375
1928 662 887 130.92741197233394
1929 663 181 252.29385452391682
1930 663 499 368.06097717534294
1931 664 121 626.3648687331735
1932 664 238 400.5629052624417
1933 664 692 524.416524843772
1934 664 841 363.8374077509405
1935 665 14 293.71220070946794
1936 665 635 226.38651095825145
1937 666 54 538.1817457774654
1938 667 207 185.7539834751233
1939 667 312 589.697123924444
1940 667 374 395.89142160400127
1941 667 422 359.70298754521264
1942 667 706 484.33666665919736
1943 667 735 772.7999515876492
1944 668 56 384.1329733812206
1945 668 160 174.778603426693
1946 668 190 315.40106413804983
1947 668 915 139.06227229172444
1948 669 738 457.9353914628676
1949 669 796 361.55948565407084
1950 670 303 107.62705680425188
1951 671 307 630.3497143795184
1952 671 708 463.5379021095675
1953 671 832 344.32880242528444
1954 671 883 112.65735274534791
1955 672 181 285.56904141145816
1956 672 434 255.76755754329085
1957 672 517 450.67253107409215
1958 673 297 170.58884695081386
1959 673 931 161.21976564095365
1960 674 53 478.7143129733262
1961 674 430 551.952733761413
1962 674 581 357.87931643342387
1963 674 710 182.78842577542886
1964 674 922 626.5915612163072
1965 674 981 348.6951751843533
1966 675 315 349.44553347554074
1967 676 115 453.2080169492684
1968 676 161 442.15334458360667
1969 676 463 626.9015387623563
1970 676 480 138.54428418411732
1971 676 983 77.33590634000525
1972 677 43 299.6338860339462
1973 677 109 124.52619830799826
1974 677 386 334.4567044187151
1975 677 699 219.15115034958762
1976 678 6 110.51757607610935
1977 678 621 521.7281539748295
1978 678 762 280.280993934983
1979 678 942 204.27727734665524
1980 679 62 488.2369403234217
1981 679 240 346.1522408747364
1982 679 395 566.1898446097741
1983 679 450 651.1235421249953
1984 679 485 723.4528981283999
1985 680 817 185.87988616099977
1986 681 30 213.31596623953922
1987 681 363 203.7280851193986
1988 682 631 247.57064105003641
1989 682 945 422.00718354992637
1990 683 133 591.1694512042825
1991 683 428 295.1566212019176
1992 683 557 149.1114297559491
1993 683 842 287.8453409647485
1994 684 287 333.5722769801373
1995 684 435 351.8858779562492
1996 684 594 142.96498142828708
1997 684 736 220.33110485990494
1998 684 773 152.9869916345027
1999 684 847 188.24263240152
2000 684 960 184.44603379869912
2001 685 118 372.1396402048129
2002 685 444 602.8955645932298
2003 685 597 496.28406436774407
2004 685 873 529.73943195155
2005 686 82 402.5271350964389
2006 686 120 412.4726563399587
2007 686 334 209.3380289263403
2008 686 431 413.32396242697496
2009 686 523 558.3344783488856
2010 686 695 484.0579638592105
2011 686 773 131.018157252479
2012 686 830 97.32427863295649
2013 686 869 572.340859025156
2014 686 994 71.57885352734131
2015 687 383 299.1140530078367
2016 687 463 150.4369480916991
2017 687 864 333.50461910239244
2018 688 64 75.76136123737042
2019 688 441 338.6442864205383
2020 688 548 134.79425759954137
2021 688 766 422.03883121388515
2022 689 619 405.37877055568373
2023 690 110 594.9833592192213
2024 690 430 659.3967262269292
2025 690 932 394.68621664694257
2026 691 372 145.7412934000896
2027 691 802 362.8940062197111
2028 691 891 632.5169036669272
2029 692 664 524.416524843772
2030 692 912 261.9087510313258
2031 693 156 480.760947288894
2032 693 545 128.0330225041575
2033 693 825 269.3706335321574
2034 693 841 499.88673887572577
2035 694 142 239.83872785676385
2036 694 224 346.6239679307599
2037 695 477 564.589993447528
2038 695 544 170.6458341800273
2039 695 686 484.0579638592105
2040 695 851 575.5115401902077
2041 696 26 484.1289995915699
2042 696 321 576.1302740763774
2043 696 638 703.4970282982721
2044 696 732 328.8874141799052
2045 697 161 127.20922130857305
2046 697 544 568.8328210372292
2047 697 592 580.0455020679417
2048 697 958 271.4093948668569
2049 698 564 707.2728619738635
2050 699 291 254.8477291010965
2051 699 371 263.2355644832236
2052 699 377 571.4270401928657
2053 699 501 488.5820912101784
2054 699 677 219.15115034958762
2055 699 871 601.3759838029766
2056 700 336 293.1647080539624
2057 700 416 494.62503058110815
2058 700 640 159.8224209739829
2059 701 830 535.8908239352745
2060 701 926 239.11258013176834
2061 701 985 604.9303214137043
2062 702 128 172.88457705700498
2063 702 570 404.02860751364875
2064 702 910 363.6048259355132
2065 702 931 377.3639291723307
2066 703 816 586.2542162210322
2067 703 965 226.5997823828721
2068 704 216 154.16697276778928
2069 704 485 507.8922766012703
2070 704 850 181.03236754411486
2071 704 952 335.18929164955114
2072 706 552 437.6382491381936
2073 706 643 458.8193606293521
2074 706 667 484.33666665919736
2075 707 24 431.746749192051
2076 707 328 485.24157741037345
2077 707 362 152.8822013839079
2078 707 461 221.6405545015574
2079 708 18 487.8206568978566
2080 708 49 473.1956624994369
2081 708 163 273.47372467335805
2082 708 671 463.5379021095675
2083 708 757 158.39251461281378
2084 708 833 451.0620493521436
2085 709 429 283.872945373371
2086 710 162 429.94644189998047
2087 710 170 452.16657739815145
2088 710 674 182.78842577542886
2089 710 790 115.9712058609784
2090 710 934 221.56261322263651
2091 711 176 491.46388131244976
2092 711 351 425.9232928402852
2093 711 578 583.6243174669225
2094 711 940 132.1707053605145
2095 711 957 307.60055435086264
2096 712 108 9.16008933206745
2097 712 149 541.3144245172529
2098 712 192 388.79562774545604
2099 712 253 588.8658394470342
2100 713 471 362.923889461929
2101 713 762 108.51804074371296
2102 713 982 301.34983422830584
2103 714 146 9.057372351974703
2104 714 237 675.9934278785021
2105 714 297 501.7579475934544
2106 714 621 163.656084503083
2107 715 761 254.4232996821274
2108 715 861 197.87315666193547
2109 716 400 309.04607759127526
2110 716 869 538.6790720902875
2111 716 969 23.72452753931023
2112 717 144 395.2405035452246
2113 717 378 587.465116283942
2114 717 529 311.0966890067731
2115 718 179 825.0899468959792
2116 718 632 491.61618972212375
2117 719 78 524.1440510532294
2118 719 267 237.47897881249156
2119 719 317 445.9131720400895
2120 719 602 60.20995396924703
2121 719 636 110.07803655892643
2122 720 363 198.3403198918899
2123 721 104 103.26604198577458
2124 721 186 83.80398330291361
2125 722 49 325.1535435485241
2126 722 736 242.2990417536208
2127 722 908 127.36503224408229
2128 723 490 487.02493568109537
2129 723 494 330.7439579028657
2130 724 369 527.8062321487616
2131 725 524 665.808264177692
2132 725 986 577.1040073933218
2133 726 35 210.41687676606577
2134 726 57 424.6760605947681
2135 726 457 459.2279941666616
2136 727 296 527.901891614862
2137 727 749 545.5289758627987
2138 728 127 107.27257932906389
2139 728 270 164.42579369155433
2140 728 657 338.26153860496146
2141 728 743 615.3796327383742
2142 728 935 289.81359032603166
2143 729 601 680.5406527378071
2144 730 804 338.83358510881317
2145 730 960 392.4273237815961
2146 731 256 128.02421167378523
2147 731 380 386.05198429930067
2148 731 480 545.7878140630351
2149 731 870 206.2682002056514
2150 732 587 220.22787758797892
2151 732 696 328.8874141799052
2152 733 64 298.07053840896737
2153 733 374 531.3287358142782
2154 733 927 429.6602737277799
2155 733 961 218.80967432152474
2156 734 767 80.03868386468177
2157 734 813 209.99063863120338
2158 735 181 576.5079621378228
2159 735 667 772.7999515876492
2160 736 225 443.74196372791056
2161 736 684 220.33110485990494
2162 736 722 242.2990417536208
2163 736 768 618.8066553027178
2164 736 853 399.2410346379179
2165 737 86 375.3412132005255
2166 737 506 402.9103906443337
2167 737 992 305.6994228461873
2168 738 182 199.56164088583367
2169 738 456 161.72643634152112
2170 738 526 515.8935459154928
2171 738 669 457.9353914628676
2172 738 795 586.1110767820758
2173 739 160 61.823296841525305
2174 740 206 383.55602696540984
2175 741 12 357.4503571646364
2176 741 48 439.47235509088443
2177 741 324 341.99806253766
2178 741 507 186.80781632070025
2179 742 651 310.4805603059225
2180 743 305 270.55846073999174
2181 743 628 590.5427235907309
2182 743 728 615.3796327383742
2183 744 317 333.13310010276416
2184 744 561 297.04615383825336
2185 744 581 261.87544351661757
2186 744 973 245.1441637896295
2187 746 62 354.96265055733403
2188 746 372 252.86221854899463
2189 747 472 249.71244341569013
2190 748 300 545.763808824996
2191 748 824 144.70329682417807
2192 749 530 100.11992461410485
2193 749 727 545.5289758627987
2194 749 916 123.13272219266926
2195 750 457 531.878723434967
2196 751 224 840.9490168276548
2197 751 575 195.74468643557998
2198 751 843 526.7792537614712
2199 752 101 156.5938208550055
2200 752 389 363.94388620887696
2201 753 522 365.01743155681015
2202 753 756 548.9398007363849
2203 754 629 254.07548170494275
2204 754 942 521.3837225068254
2205 755 203 401.13265759822383
2206 756 22 660.7061611428337
2207 756 99 484.3244454758529
2208 756 542 71.10111939355015
2209 756 641 430.9286602249107
2210 756 753 548.9398007363849
2211 756 974 627.9498078156632
2212 757 62 351.775277957883
2213 757 501 289.04656331905693
2214 757 708 158.39251461281378
2215 757 820 213.39015216241148
2216 758 826 312.2040432709364
2217 758 849 446.9652933425338
2218 759 125 288.0645357046109
2219 759 228 422.27982404746285
2220 760 119 369.4385009396285
2221 760 808 579.1953520010339
2222 761 521 379.9178792517441
2223 761 577 640.233792421232
2224 761 661 579.165453993375
2225 761 715 254.4232996821274
2226 762 61 299.48538169258376
2227 762 152 155.85625647910962
2228 762 678 280.280993934983
2229 762 713 108.51804074371296
2230 763 122 157.69993040858714
2231 763 142 214.6216240620493
2232 763 227 191.30182676107685
2233 763 339 401.2333605977862
2234 763 359 443.8577314923342
2235 763 773 168.55723103407652
2236 764 28 276.2891964257435
2237 764 463 131.00424727504975
2238 764 622 196.65268193907994
2239 766 688 422.03883121388515
2240 766 793 394.7816933810968
2241 766 800 167.4810914419394
2242 766 897 468.22906495906585
2243 767 28 315.3150950522815
2244 767 381 59.42559400936956
2245 767 647 292.41364732312223
2246 767 734 80.03868386468177
2247 767 865 502.82640114380104
2248 768 99 292.0527458655697
2249 768 356 200.8162973414362
2250 768 736 618.8066553027178
2251 768 863 548.8591737382274
2252 769 171 332.57497017429307
2253 769 184 283.26585149352024
2254 769 206 378.06599483668947
2255 769 216 248.66871016343035
2256 769 465 180.06159999021412
2257 770 482 71.31273818108095
2258 770 902 97.8608284274422
2259 771 519 423.4839406325357
2260 772 241 297.55505900624894
2261 772 273 748.1872004280003
2262 772 308 513.907467631112
2263 772 625 110.70145546579596
2264 772 975 491.3128559510942
2265 773 399 561.5812267095127
2266 773 454 502.6336500402202
2267 773 461 321.0224720037048
2268 773 684 152.9869916345027
2269 773 686 131.018157252479
2270 773 763 168.55723103407652
2271 775 796 333.9757221637357
2272 776 615 594.7118370885179
2273 777 345 156.19806383844065
2274 777 502 484.36263494301534
2275 777 510 446.88096334875837
2276 778 412 73.1265518389941
2277 778 957 179.37074288809677
2278 779 101 391.0016727533856
2279 779 621 312.98640180311816
2280 779 808 429.3715787715533
2281 780 10 332.95768304957943
2282 780 155 181.01542839923178
2283 780 261 292.1541957028605
2284 780 379 495.1976478840425
2285 780 401 230.65430134959098
2286 780 592 347.80314129067125
2287 780 616 664.2795133341623
2288 780 961 556.0737944454348
2289 781 275 143.21154854577273
2290 781 298 384.61648663059304
2291 781 381 105.29936919895643
2292 781 550 407.3111177365195
2293 783 21 247.85749676309882
2294 783 172 563.5781461798466
2295 783 269 468.1867077449266
2296 783 483 251.82173717614543
2297 783 631 487.2719451681337
2298 784 263 253.88091808987252
2299 784 538 318.7579263099704
2300 784 640 464.2788524658147
2301 784 905 230.5092445981253
2302 785 223 461.13013037355444
2303 785 341 219.2033885248686
2304 785 552 334.8836166584663
2305 786 360 337.3651692836364
2306 786 368 415.89475543547957
2307 786 605 253.1343033252298
2308 787 870 323.5626983939662
2309 787 881 174.37589108452653
2310 788 852 174.03922603947558
2311 789 69 421.9828105112811
2312 789 629 589.4845676023568
2313 790 382 705.1023630092923
2314 790 585 167.3383680727067
2315 790 629 450.7269561289152
2316 790 710 115.9712058609784
2317 791 521 288.8688732237171
2318 791 541 617.6125412596626
2319 791 824 380.4163716076504
2320 792 356 355.57079178662286
2321 792 438 300.2076756679647
2322 793 617 390.5860920450457
2323 793 655 63.28461380674999
2324 793 766 394.7816933810968
2325 794 880 710.8871817818826
2326 795 492 628.4230271032436
2327 795 738 586.1110767820758
2328 796 80 383.39283225512975
2329 796 148 468.4712817410118
2330 796 156 134.27500380518978
2331 796 669 361.55948565407084
2332 796 775 333.9757221637357
2333 797 6 338.4241984721202
2334 797 623 216.6811737425914
2335 799 65 554.8533226756618
2336 799 251 241.97061703292687
2337 799 538 322.17428392149145
2338 799 929 496.1985426534483
2339 800 602 578.6901037640424
2340 800 611 320.1406098217662
2341 800 766 167.4810914419394
2342 801 164 187.56147599336586
2343 801 328 514.6244384445525
2344 801 830 409.2030943224791
2345 802 77 240.3211383144603
2346 802 517 123.27930634887743
2347 802 583 284.9452032352178
2348 802 691 362.8940062197111
2349 802 908 389.37404730368945
2350 802 920 476.31456934436045
2351 803 274 284.90414757993915
2352 803 382 639.1477271346612
2353 803 577 414.7995636724485
2354 803 945 448.03972649948133
2355 804 567 523.7800073760579
2356 804 730 338.83358510881317
2357 804 996 243.52394785543365
2358 805 146 456.5893718914037
2359 805 327 233.7135788783722
2360 807 237 229.22179197885603
2361 807 809 282.3888923580324
2362 807 842 426.39684544670877
2363 807 899 100.14992393038578
2364 808 74 335.18786540783793
2365 808 194 76.40896643527967
2366 808 500 541.5605677724236
2367 808 760 579.1953520010339
2368 808 779 429.3715787715533
2369 808 837 624.1943129421635
2370 808 859 149.59104525811185
2371 809 807 282.3888923580324
2372 810 412 690.5620430866735
2373 810 435 65.31501090413094
2374 810 607 477.51138281572327
2375 810 886 305.9270688020871
2376 812 902 196.89831549080674
2377 813 20 362.8381873633542
2378 813 602 159.82462244303005
2379 813 734 209.99063863120338
2380 814 136 238.99342631748445
2381 814 852 384.9939833152687
2382 815 57 522.3613911897444
2383 815 351 646.6295242585542
2384 816 108 53.7506318707423
2385 816 703 586.2542162210322
2386 817 83 450.82859283839167
2387 817 165 240.38333896790547
2388 817 493 533.0699332284763
2389 817 680 185.87988616099977
2390 817 827 331.0733868621514
2391 817 913 416.2978632167665
2392 818 163 714.3761386171308
2393 818 448 305.32430731719387
2394 820 71 533.0285564729041
2395 820 226 211.99268055270883
2396 820 296 425.06844063000864
2397 820 419 163.18020358085326
2398 820 592 241.30760857560344
2399 820 757 213.39015216241148
2400 821 99 271.4792005333765
2401 821 211 309.7111981132929
2402 821 501 182.22317943536981
2403 821 873 432.4480460949922
2404 821 943 52.30450855948805
2405 822 12 486.6724362706766
2406 822 103 435.0641383697504
2407 822 371 429.47885650858103
2408 822 957 416.92088834717254
2409 823 563 176.62584814979718
2410 824 24 272.50316625024465
2411 824 105 175.36163939142574
2412 824 530 249.8755301177921
2413 824 748 144.70329682417807
2414 824 791 380.4163716076504
2415 825 342 187.76639402739687
2416 825 548 265.172188531232
2417 825 693 269.3706335321574
2418 826 24 159.38611923575573
2419 826 274 56.637431530017786
2420 826 528 306.95185129015584
2421 826 758 312.2040432709364
2422 827 349 91.59291425930824
2423 827 350 174.44228202117748
2424 827 817 331.0733868621514
2425 829 506 433.5544098956325
2426 829 993 337.38046154835996
2427 830 65 552.411423928561
2428 830 80 274.05373419888053
2429 830 124 403.82618234202965
2430 830 454 519.881170812382
2431 830 561 182.5655221902779
2432 830 686 97.32427863295649
2433 830 701 535.8908239352745
2434 830 801 409.2030943224791
2435 830 990 322.5728142871726
2436 831 4 185.0979637284978
2437 831 8 171.90079031669487
2438 831 331 414.9210322600272
2439 831 460 120.47692017677609
2440 831 531 323.56100555490985
2441 831 586 131.8854078013795
2442 831 838 170.96968795780165
2443 832 193 321.4731031879772
2444 832 671 344.32880242528444
2445 833 54 497.7494828865093
2446 833 649 312.94813586489124
2447 833 708 451.0620493521436
2448 834 158 296.83425939883693
2449 834 954 306.09777114687984
2450 835 206 75.85086214781815
2451 835 939 330.1864633866117
2452 836 28 296.68865112143146
2453 836 465 466.8222466044276
2454 836 615 669.9050252992818
2455 837 305 267.5222737776654
2456 837 586 373.7488346489476
2457 837 808 624.1943129421635
2458 837 886 461.1462571455013
2459 837 946 737.7648475229922
2460 838 483 416.7280484970086
2461 838 831 170.96968795780165
2462 839 220 180.0759281406994
2463 839 900 403.4873548643505
2464 840 510 194.7841881188191
2465 840 518 430.9434481157547
2466 840 578 421.03136977049877
2467 841 51 667.31096176875
2468 841 276 198.38276321344048
2469 841 406 210.55016382784328
2470 841 481 165.7145736160184
2471 841 664 363.8374077509405
2472 841 693 499.88673887572577
2473 842 141 634.971327631283
2474 842 683 287.8453409647485
2475 842 807 426.39684544670877
2476 842 918 334.2427005110981
2477 843 318 380.0683358872172
2478 843 451 220.04239628327707
2479 843 751 526.7792537614712
2480 844 190 371.5077717260806
2481 844 269 382.0994468927482
2482 844 446 61.750031048289806
2483 844 882 570.7568604057559
2484 844 990 246.8945200317432
2485 845 67 469.43069645392046
2486 845 480 708.1446918672077
2487 845 493 504.75826324573285
2488 845 495 354.9788680842031
2489 845 978 364.3966391357607
2490 846 52 251.60010037508368
2491 846 481 223.18979965916927
2492 846 654 463.6468620893328
2493 847 684 188.24263240152
2494 848 618 194.23764331441404
2495 849 758 446.9652933425338
2496 850 24 278.8949415436159
2497 850 38 215.28626869667627
2498 850 704 181.03236754411486
2499 851 259 366.13808755893166
2500 851 478 253.19579835190106
2501 851 695 575.5115401902077
2502 852 524 227.8477025960087
2503 852 788 174.03922603947558
2504 852 814 384.9939833152687
2505 853 91 180.86608957500488
2506 853 274 29.23934283848969
2507 853 293 295.1901333171187
2508 853 402 325.3626930461055
2509 853 736 399.2410346379179
2510 853 929 193.31581341249247
2511 854 65 479.0588579007779
2512 854 270 164.70980322716116
2513 854 487 69.65665361118285
2514 854 558 396.52279537580165
2515 854 588 153.5993179466333
2516 855 132 427.37512444221613
2517 855 429 304.9446331748424
2518 857 101 515.7104979936972
2519 857 256 93.20045347152096
2520 857 609 148.68247754668593
2521 858 211 361.20594230076586
2522 858 438 346.6799008467554
2523 859 130 628.8812205136597
2524 859 468 399.78550340943815
2525 859 808 149.59104525811185
2526 859 937 240.81099972010472
2527 860 257 664.4180066156194
2528 861 245 388.5244545640289
2529 861 502 538.6601937481273
2530 861 715 197.87315666193547
2531 861 949 169.97793537202074
2532 862 82 375.3637733158516
2533 863 74 290.1098724610342
2534 863 272 337.9847332688367
2535 863 768 548.8591737382274
2536 864 259 217.40181311828908
2537 864 515 105.22735768979636
2538 864 575 615.2225244098287
2539 864 597 636.0442984468456
2540 864 687 333.50461910239244
2541 864 913 430.37515074832237
2542 865 186 360.2547611414518
2543 865 267 176.5245156243555
2544 865 621 602.404692992828
2545 865 767 502.82640114380104
2546 865 932 379.5697323563462
2547 865 990 184.45575481193399
2548 866 160 483.7705091728302
2549 866 597 429.99468592739163
2550 867 11 284.5293076015678
2551 867 215 194.63071428245593
2552 868 61 241.14975530624994
2553 868 593 16.938324274053834
2554 868 928 397.9337271723302
2555 868 968 322.7578993549049
2556 869 19 613.6370024852988
2557 869 241 294.16929363102037
2558 869 369 261.0839723160295
2559 869 686 572.340859025156
2560 869 716 538.6790720902875
2561 869 923 98.62137903282927
2562 870 7 700.9413948230875
2563 870 587 600.4894758758841
2564 870 731 206.2682002056514
2565 870 787 323.5626983939662
2566 870 907 78.21208397561817
2567 870 931 464.0992714791843
2568 871 406 466.00609441312724
2569 871 434 311.153079831485
2570 871 699 601.3759838029766
2571 872 403 263.30833669081665
2572 873 574 403.1816320327782
2573 873 685 529.73943195155
2574 873 821 432.4480460949922
2575 874 22 429.25097900212774
2576 874 31 167.06320212636393
2577 874 578 561.9674981065995
2578 875 227 313.8413901917763
2579 875 239 680.2162753442575
2580 875 303 556.975052650025
2581 875 344 451.86150786061455
2582 875 896 605.5281883254864
2583 876 14 129.8721047140974
2584 876 461 100.53996235859066
2585 876 951 106.59950143648338
2586 877 567 615.3280869310219
2587 877 624 550.5298929498122
2588 877 916 225.85983958509206
2589 878 588 336.329879834525
2590 879 12 558.7340805888643
2591 879 171 569.9056303294037
2592 879 302 460.2757120513348
2593 879 630 581.0231433770538
2594 879 896 348.9748559882552
2595 879 997 354.3459127076606
2596 880 125 228.3274520545916
2597 880 258 251.8030570080082
2598 880 291 356.70318827936114
2599 880 339 531.9363507985188
2600 880 794 710.8871817818826
2601 881 430 628.1042393751053
2602 881 787 174.37589108452653
2603 882 252 230.70433220862657
2604 882 287 296.10229426961513
2605 882 459 699.0063501064914
2606 882 844 570.7568604057559
2607 883 342 295.71019872139476
2608 883 514 215.60290959957638
2609 883 558 484.16098681850855
2610 883 671 112.65735274534791
2611 884 118 367.1059035937443
2612 884 425 680.4728879579803
2613 884 553 247.25959427037776
2614 885 439 454.32740249062283
2615 886 57 285.7456784897995
2616 886 535 356.6348592479793
2617 886 578 347.9783703016459
2618 886 810 305.9270688020871
2619 886 837 461.1462571455013
2620 887 53 778.6600819095032
2621 887 355 517.3636869787903
2622 887 662 130.92741197233394
2623 887 931 675.1720968775339
2624 888 620 561.3685415821237
2625 889 275 554.5240725762369
2626 889 366 519.7386732109758
2627 889 420 595.196780253943
2628 889 544 578.2939095524623
2629 890 232 486.5765577554233
2630 890 294 592.956118058241
2631 890 930 538.6832453267938
2632 891 47 387.94190401307714
2633 891 601 581.9039235074525
2634 891 691 632.5169036669272
2635 891 994 366.37767904265695
2636 892 270 186.61997096784896
2637 892 514 57.034226304463964
2638 893 95 397.0156242035941
2639 893 923 389.02074016066115
2640 894 443 227.6555271594552
2641 894 638 356.9351773090652
2642 894 954 135.28257206979026
2643 896 2 586.4091384682242
2644 896 359 693.6833704670295
2645 896 875 605.5281883254864
2646 896 879 348.9748559882552
2647 897 766 468.22906495906585
2648 898 236 541.1060907743037
2649 898 624 316.8655761577136
2650 899 170 563.1436500045298
2651 899 362 286.1828414580589
2652 899 371 279.0857302615254
2653 899 447 185.3374423519183
2654 899 456 324.31101396844525
2655 899 643 656.5763523360614
2656 899 807 100.14992393038578
2657 899 940 419.02440919075514
2658 899 948 168.6999845921803
2659 900 175 470.260311917074
2660 900 300 495.98564358001397
2661 900 433 442.25742818710705
2662 900 839 403.4873548643505
2663 901 278 217.1154405758474
2664 901 390 391.81754276175843
2665 902 101 149.68187499598383
2666 902 196 331.9429264155111
2667 902 437 89.55097385969796
2668 902 770 97.8608284274422
2669 902 812 196.89831549080674
2670 903 33 558.3369680428927
2671 903 99 390.11371676321664
2672 904 924 430.9830114543162
2673 904 998 385.8420263836397
2674 905 651 86.82779119503549
2675 905 784 230.5092445981253
2676 906 107 282.08676793336326
2677 906 132 470.2379750927732
2678 906 321 81.51608714033452
2679 906 596 75.45226978499022
2680 907 405 327.45973033044646
2681 907 870 78.21208397561817
2682 908 169 527.2176549083725
2683 908 722 127.36503224408229
2684 908 802 389.37404730368945
2685 909 412 255.04392194433882
2686 909 952 129.39202033412218
2687 910 6 194.1594578374985
2688 910 46 576.8016472413808
2689 910 150 88.28377577903825
2690 910 702 363.6048259355132
2691 911 69 228.41949658856728
2692 912 100 327.07904622434415
2693 912 411 529.7079429933933
2694 912 539 203.15747649482148
2695 912 620 160.56421934864176
2696 912 692 261.9087510313258
2697 913 485 327.5917894897713
2698 913 817 416.2978632167665
2699 913 864 430.37515074832237
2700 914 599 37.28948764862874
2701 914 953 195.2279808357894
2702 914 958 311.7455692654551
2703 915 442 46.11485919593854
2704 915 560 220.19808336470527
2705 915 612 472.14346709828516
2706 915 668 139.06227229172444
2707 916 749 123.13272219266926
2708 916 877 225.85983958509206
2709 917 337 212.7009029411065
2710 917 444 188.84414794898314
2711 917 465 219.13698839503442
2712 918 341 548.5790279237516
2713 918 842 334.2427005110981
2714 919 932 185.46347941333448
2715 920 802 476.31456934436045
2716 921 54 364.9745865777085
2717 921 211 123.93008846339116
2718 921 260 405.0891614169716
2719 922 390 16.381060275721183
2720 922 532 361.36736369869107
2721 922 674 626.5915612163072
2722 923 247 581.3491863488141
2723 923 869 98.62137903282927
2724 923 893 389.02074016066115
2725 924 465 151.891301935448
2726 924 603 204.81308210478093
2727 924 904 430.9830114543162
2728 925 600 68.61589247803006
2729 926 65 245.0428225467094
2730 926 322 439.4470113589265
2731 926 331 419.7326418067086
2732 926 424 95.83452313141909
2733 926 701 239.11258013176834
2734 926 942 333.15730562457134
2735 926 956 356.0188855840366
2736 927 231 83.36680784259997
2737 927 603 411.17110197485636
2738 927 733 429.6602737277799
2739 928 403 87.90533320683016
2740 928 430 188.4696353747988
2741 928 868 397.9337271723302
2742 928 949 453.87643655889167
2743 929 376 111.8425339854818
2744 929 493 363.12434017990535
2745 929 799 496.1985426534483
2746 929 853 193.31581341249247
2747 930 337 259.4477969093849
2748 930 505 524.9358378354839
2749 930 890 538.6832453267938
2750 931 673 161.21976564095365
2751 931 702 377.3639291723307
2752 931 870 464.0992714791843
2753 931 887 675.1720968775339
2754 932 357 359.1909737834253
2755 932 690 394.68621664694257
2756 932 865 379.5697323563462
2757 932 919 185.46347941333448
2758 933 467 423.53040043916695
2759 933 973 656.3469533132723
2760 934 710 221.56261322263651
2761 935 76 212.85272793722066
2762 935 205 271.19277647856
2763 935 383 231.0598589692637
2764 935 728 289.81359032603166
2765 936 120 522.4218011707053
2766 936 447 374.9670443963883
2767 937 99 172.24558770263408
2768 937 576 305.6183922667557
2769 937 859 240.81099972010472
2770 938 257 162.23959219593624
2771 939 58 296.3374780106852
2772 939 176 437.37422126457875
2773 939 417 124.99005114396842
2774 939 835 330.1864633866117
2775 940 109 456.9683612224423
2776 940 136 65.73257026074347
2777 940 337 144.13992543492776
2778 940 486 490.2251183088069
2779 940 542 601.0461230467897
2780 940 711 132.1707053605145
2781 940 899 419.02440919075514
2782 941 248 211.3686594204502
2783 941 421 480.7641807791501
2784 942 26 136.34582193713402
2785 942 110 344.7971024482568
2786 942 678 204.27727734665524
2787 942 754 521.3837225068254
2788 942 926 333.15730562457134
2789 943 258 402.1500570574122
2790 943 313 191.73956004129374
2791 943 481 219.20787512764738
2792 943 598 198.0112193436606
2793 943 821 52.30450855948805
2794 944 229 35.71444694374463
2795 944 637 428.6737920952761
2796 945 114 504.33743317115164
2797 945 341 384.883070788443
2798 945 555 745.1579401947848
2799 945 682 422.00718354992637
2800 945 803 448.03972649948133
2801 946 593 412.8941016851945
2802 946 837 737.7648475229922
2803 947 248 144.17637283239367
2804 947 410 411.1610630062773
2805 947 444 397.9724696678385
2806 948 261 88.23615729378142
2807 948 899 168.6999845921803
2808 948 968 185.1757967033878
2809 949 48 156.3996684368788
2810 949 419 357.76369900148194
2811 949 493 319.3987047947107
2812 949 525 197.52093866563644
2813 949 861 169.97793537202074
2814 949 928 453.87643655889167
2815 949 964 394.57230363184556
2816 950 203 560.2607905587195
2817 951 150 113.06509231337573
2818 951 225 7.696188507472051
2819 951 491 250.5194865883023
2820 951 876 106.59950143648338
2821 952 704 335.18929164955114
2822 952 909 129.39202033412218
2823 953 101 145.51084156326274
2824 953 405 459.85812433758707
2825 953 914 195.2279808357894
2826 954 200 300.77304560803685
2827 954 224 454.63821794548
2828 954 301 417.79491924466885
2829 954 560 360.939196592884
2830 954 834 306.09777114687984
2831 954 894 135.28257206979026
2832 955 7 658.2399169758829
2833 955 236 442.45728155594765
2834 955 279 408.56221126898134
2835 956 192 140.36395885060244
2836 956 926 356.0188855840366
2837 957 192 193.80182854485255
2838 957 562 188.2014359587277
2839 957 711 307.60055435086264
2840 957 778 179.37074288809677
2841 957 822 416.92088834717254
2842 958 318 253.8742270947468
2843 958 604 438.02392453637657
2844 958 697 271.4093948668569
2845 958 914 311.7455692654551
2846 959 195 617.7801482135059
2847 960 684 184.44603379869912
2848 960 730 392.4273237815961
2849 961 146 817.0299064632643
2850 961 733 218.80967432152474
2851 961 780 556.0737944454348
2852 962 73 189.3249860201032
2853 963 323 740.9273536184811
2854 963 970 510.6605386117633
2855 964 1 310.1955155816403
2856 964 92 609.737598571295
2857 964 949 394.57230363184556
2858 965 11 464.26056516930333
2859 965 419 145.85805477777464
2860 965 658 72.27355312394141
2861 965 703 226.5997823828721
2862 966 73 139.1911519636529
2863 966 187 670.1785959907422
2864 967 548 268.45348384056985
2865 968 868 322.7578993549049
2866 968 948 185.1757967033878
2867 969 716 23.72452753931023
2868 970 216 241.40426467956755
2869 970 415 109.32265471262504
2870 970 430 327.29608869907776
2871 970 639 166.04262052374918
2872 970 963 510.6605386117633
2873 971 105 205.46019233968073
2874 971 167 519.6058309516774
2875 971 233 159.60030060027293
2876 971 483 321.1279975121985
2877 972 176 125.6657742218865
2878 972 216 393.6730178465016
2879 972 580 705.456580383099
2880 973 577 513.0940747630794
2881 973 744 245.1441637896295
2882 973 933 656.3469533132723
2883 973 984 276.49868745530335
2884 974 188 306.44038220949017
2885 974 756 627.9498078156632
2886 975 772 491.3128559510942
2887 976 194 603.6490766473378
2888 977 12 738.3290957426976
2889 977 20 635.5673394403657
2890 977 639 422.8717115004385
2891 978 633 245.47792628845724
2892 978 845 364.3966391357607
2893 979 195 482.96954671604385
2894 979 236 598.0864231543399
2895 979 450 367.9020820335991
2896 980 197 430.14450230960637
2897 980 267 446.8312929573955
2898 980 353 477.1118570125566
2899 980 621 603.2953837580588
2900 981 129 291.02262952489366
2901 981 639 199.32980063029174
2902 981 674 348.6951751843533
2903 982 30 595.360407293818
2904 982 361 329.8149442582947
2905 982 713 301.34983422830584
2906 983 97 512.8584642001155
2907 983 334 36.90527244739113
2908 983 411 159.66923952569377
2909 983 508 514.1697896555359
2910 983 676 77.33590634000525
2911 984 113 317.7993404115812
2912 984 192 348.6581501916152
2913 984 591 320.21859498358316
2914 984 973 276.49868745530335
2915 985 212 483.88817846098675
2916 985 424 381.9361964339823
2917 985 701 604.9303214137043
2918 986 278 472.8720432176189
2919 986 725 577.1040073933218
2920 987 211 479.14726334451683
2921 987 317 225.42936971192097
2922 987 569 490.3030837564853
2923 988 501 606.3333893622763
2924 988 634 84.20601062650836
2925 989 215 274.472462115791
2926 989 634 577.797592564975
2927 990 192 466.14904845053064
2928 990 830 322.5728142871726
2929 990 844 246.8945200317432
2930 990 865 184.45575481193399
2931 991 108 559.7424383994809
2932 991 505 293.1602313491798
2933 992 53 155.76544330271267
2934 992 160 563.6168555814252
2935 992 260 501.5980952815554
2936 992 737 305.6994228461873
2937 993 197 388.0984750394299
2938 993 829 337.38046154835996
2939 994 686 71.57885352734131
2940 994 891 366.37767904265695
2941 995 261 309.8529286364262
2942 995 388 61.18632182861834
2943 996 50 572.7547071586226
2944 996 523 200.63633082848276
2945 996 804 243.52394785543365
2946 997 879 354.3459127076606
2947 998 138 423.4848879798121
2948 998 254 755.1474276267351
2949 998 441 443.03161882830557
2950 998 553 346.1348903625011
2951 998 904 385.8420263836397
2952 999 175 422.50072988941565
