1 1 4769 122.2034012613101
2 4 731 452.45833738549754
3 5 2269 195.30522748389203
4 6 3406 31.991993912608105
5 8 1948 346.1554661333176
6 15 2317 288.84797603320084
7 17 4102 84.63143803785623
8 21 2309 202.26818744608596
9 22 4111 81.893192364383
10 23 2388 152.42877263252132
11 24 4012 74.27843240378
12 25 4344 246.1547738964416
13 26 2002 310.54929770928
14 30 1820 65.28801865636285
15 32 3934 232.7111316701269
16 34 1769 419.7657621138408
17 36 2904 221.72716366497997
18 37 4855 99.30010011482021
19 42 1352 268.9240907724753
20 47 1423 423.2888192589395
21 47 4964 280.10238980262386
22 50 4701 267.9049838592067
23 53 3681 267.7063434197476
24 57 112 358.0558442882273
25 57 3160 232.79749148382498
26 60 142 246.74754517741712
27 61 202 148.28525797333847
28 63 2857 285.8516386047708
29 66 1273 212.42497321767627
30 68 1424 350.38031197397635
31 69 1644 230.82673730053554
32 71 2544 134.07169676558962
33 72 525 298.4610122059528
34 78 2125 540.9071341908659
35 78 3025 306.9175251080718
36 81 4344 266.07751807130694
37 84 1616 215.3081026441295
38 84 1830 455.4903288332356
39 84 2320 161.52566646797038
40 86 2458 223.5795082945144
41 88 830 185.3094327150788
42 91 4560 71.92931002428897
43 92 1824 539.0478042540485
44 96 2593 111.34479119710434
45 97 4615 469.9528716014882
46 104 2738 265.15256478841144
47 108 2684 151.28737884174393
48 108 3407 235.4378450356158
49 109 2878 40.09038293272611
50 109 4518 126.93684081018935
51 112 57 358.0558442882273
52 113 1450 128.22436283350862
53 113 4681 129.82449356245496
54 114 3458 521.8059379325969
55 115 3193 234.11395893864173
56 116 3144 290.20427878800365
57 116 4181 50.186001117683716
58 117 3884 481.01246158064987
59 121 4055 263.849736725842
60 122 2870 277.99689842741293
61 123 2710 385.5992263987492
62 124 867 253.62630716285008
63 124 1006 284.5279764886467
64 126 178 225.79387875487694
65 126 4564 211.88544759844098
66 130 3068 383.49780983350104
67 130 4244 461.50206059576743
68 132 2420 267.3551194322017
69 134 478 457.24814683077005
70 136 2107 368.0750759575021
71 139 3516 232.3523616751192
72 140 4349 136.98658717804187
73 141 4716 33.27136099048066
74 142 60 246.74754517741712
75 143 772 108.41124492528752
76 144 1851 162.23558446424343
77 145 1014 147.92308503517796
78 146 2031 9.17460168362955
79 146 2717 183.76911587489514
80 147 950 413.5040751574913
81 153 3803 138.99764942266543
82 162 4279 124.54181021903953
83 163 2936 422.8943041107707
84 166 3748 105.12290065430575
85 167 3561 470.33588938764296
86 168 2961 371.5588592057734
87 169 1648 137.49975203659815
88 170 3597 270.5148546480092
89 171 1768 346.7859613004761
90 172 1883 330.0205260102582
91 174 374 371.2311390338102
92 176 1637 545.9743265035792
93 177 3915 75.66063878166189
94 178 126 225.79387875487694
95 183 978 273.4269769349508
96 183 4805 324.17623147503394
97 184 4746 251.11113936875233
98 185 2948 184.84995506493686
99 186 3869 106.4456320304186
100 187 1294 155.39198327439877
101 188 4965 343.0533409817089
102 190 2817 420.7440679687766
103 192 2618 201.669139073808
104 194 250 392.88827103304186
105 194 962 68.85614704253882
106 197 1468 287.3359137198244
107 197 2803 165.45088498517148
108 200 1569 408.1154180360007
109 202 61 148.28525797333847
110 202 4924 155.04383746122272
111 203 2953 344.10445790557236
112 204 1211 20.74929700733015
113 206 2016 62.27428615678871
114 207 1789 496.8787230693305
115 209 2943 130.3049376483787
116 210 474 126.68922358287261
117 213 1105 170.45066944964236
118 214 1990 364.14602495168106
119 214 3423 229.89748933697666
120 215 394 235.42151967074224
121 216 3770 52.50379781796495
122 216 4051 448.6256168453397
123 219 3416 345.02428706276515
124 219 3497 267.6599325006885
125 221 2381 398.1288927674158
126 237 1744 537.0354264020368
127 241 2735 173.42078286336965
128 241 3031 393.41274760644814
129 246 4973 450.94619425596125
130 247 3481 376.4714317234875
131 247 4391 576.3329986642595
132 250 194 392.88827103304186
133 250 1801 411.81513526017784
134 251 4490 152.90416110274612
135 259 4423 37.8727585564074
136 261 903 292.7752142555719
137 263 1809 466.9666748693058
138 265 700 404.8414271982507
139 266 802 571.0254847864601
140 268 2847 46.07289355011685
141 270 469 139.1482359394821
142 270 991 356.29067387204447
143 270 2243 353.82115273021884
144 270 3585 63.66536011713983
145 273 3691 499.5633397342131
146 282 2061 377.47650426255257
147 290 3014 136.03575547456225
148 291 3020 72.69947105216929
149 294 3886 203.8289165576006
150 295 2708 461.5359089855195
151 297 3328 167.95436758768378
152 298 2912 279.79761861148717
153 300 1552 409.150913578153
154 300 2476 305.61702996644294
155 300 4672 304.4916585793954
156 306 1065 450.20811026357893
157 307 3139 489.461495024892
158 308 2382 179.28714475476679
159 309 3568 179.28273615425968
160 310 440 564.0636717930275
161 312 2981 100.3177082593011
162 317 1718 299.53600298471827
163 317 4860 257.67570081707186
164 318 4772 95.74352186642051
165 321 4402 175.74320959871642
166 323 4600 215.19013042829982
167 324 1277 227.19064658424463
168 328 2000 119.88574360903255
169 328 3599 210.32753468831257
170 329 4513 139.37894379539213
171 330 2980 366.9558326465867
172 332 3567 133.95157809519478
173 335 1797 104.02423392742456
174 336 3692 100.45832338198815
175 340 2558 143.7665327759942
176 342 2523 148.19048528857334
177 345 3706 340.90280395993545
178 351 4744 498.27184775541866
179 352 4945 282.1470064584717
180 357 4925 442.348471444547
181 358 3473 138.2801802964525
182 367 3234 360.7230646377659
183 368 3122 76.10676887437994
184 368 3908 371.32984110359286
185 370 3762 177.27148658229314
186 371 4351 139.21527349684987
187 373 4282 346.4762689735372
188 374 174 371.2311390338102
189 375 4846 318.9992271939376
190 380 1600 43.92303002177852
191 381 940 230.7757671534367
192 382 3296 638.686991520199
193 382 4808 281.72418796648935
194 384 3100 467.618065961462
195 387 3297 323.2286401011198
196 388 4982 124.68250828448575
197 389 3482 274.9138054616332
198 389 4398 436.60672332742644
199 390 1191 106.79285700332737
200 392 3139 102.64378514245881
201 394 215 235.42151967074224
202 396 1627 599.616906087702
203 397 2441 306.59639334529044
204 400 1137 33.76705112144662
205 401 1744 163.26858349614346
206 402 656 291.085276464065
207 402 3702 309.5559830946458
208 403 3169 158.9157320416966
209 405 3360 225.49585113567272
210 406 1174 216.4131373733667
211 406 4972 128.6162222077708
212 407 3016 57.27720597768977
213 407 3169 115.31905093125926
214 407 3611 109.60963283664454
215 411 4011 157.27616607126257
216 414 3226 276.20803121365145
217 415 3994 376.68420616161217
218 417 963 441.87010741945124
219 419 1934 203.67610274105965
220 419 3122 170.51103943721415
221 421 3694 517.7683755274086
222 422 1194 89.33122908094597
223 427 2850 306.1935950815823
224 428 1208 558.7555258843864
225 428 2622 168.9919616817745
226 433 2297 371.3457284550062
227 433 3855 285.6179335284291
228 435 2524 188.1475284664267
229 437 677 578.5073953651175
230 440 310 564.0636717930275
231 445 3915 196.8608325275435
232 445 4552 372.35094841178073
233 448 1997 73.21272963868942
234 449 1306 604.0823301299225
235 449 4069 536.7743758857123
236 454 1498 597.5752434281789
237 455 2139 56.48883753185597
238 456 3709 108.28293814066564
239 457 3508 172.19800760525618
240 459 2264 446.4639328921278
241 462 1422 209.32012457398594
242 466 1508 635.2500475289094
243 469 270 139.1482359394821
244 469 4964 295.9455594161824
245 472 1091 91.99755670559479
246 474 210 126.68922358287261
247 476 1888 457.7071591541501
248 477 812 99.68430156571353
249 478 134 457.24814683077005
250 478 2441 311.69081597143963
251 481 3332 338.0698904851689
252 487 4049 186.80585427673927
253 488 702 71.47809064586833
254 488 713 240.73364580197864
255 490 1596 354.80032917180307
256 492 4396 163.90445026361422
257 492 4649 97.62544409117872
258 493 4447 100.1989402121135
259 495 4034 382.2508438545015
260 496 4262 174.75762114608938
261 499 1755 206.16557948374322
262 499 2913 127.139866377688
263 500 1717 137.24989399580684
264 500 2837 313.0177465634486
265 500 3847 129.00448727364818
266 502 3453 526.916561221233
267 502 3742 357.67477684760564
268 508 2053 121.42061036203509
269 511 2641 349.30375703122735
270 511 4663 389.9648036828923
271 515 938 57.962956018736584
272 515 1781 140.93502626932894
273 517 4174 137.76586527288416
274 519 4968 361.78157336678134
275 520 1641 169.13335917098323
276 522 2200 148.05451035583982
277 525 72 298.4610122059528
278 525 1531 157.58660498381786
279 525 1625 237.81704530394637
280 525 1766 159.50411415623336
281 530 710 153.67368121126233
282 532 2022 74.57518730201683
283 536 1918 204.10128850913836
284 537 1663 175.57102983842626
285 538 4097 324.1680994118586
286 539 4933 354.7075748395478
287 540 4964 249.30583510651695
288 543 2496 416.18816362726295
289 545 3197 144.7332874637315
290 545 3900 272.1021288807357
291 547 4532 429.4549334039105
292 550 2424 17.962754193611588
293 550 4262 295.1323903934552
294 554 2298 224.27954202394068
295 554 4984 349.378138052049
296 559 3266 222.10925861163386
297 566 3592 42.72164169867352
298 570 4103 141.91403753314617
299 581 4585 93.24326166980151
300 585 1488 198.7047479563885
301 588 3384 266.2170034991216
302 590 3876 107.4793605325338
303 593 987 614.4409462814733
304 593 1209 466.2182214484217
305 594 4582 158.73340007817617
306 597 2493 251.29399198082248
307 602 951 173.44213344396974
308 602 3089 250.53986854407077
309 604 4363 279.7768210909727
310 607 1614 140.83101227572152
311 615 1507 496.5476015731508
312 620 3133 340.63893936459306
313 623 4901 201.461536367259
314 624 1604 236.73575930755064
315 625 4070 392.20130293687095
316 634 2890 397.33216780481285
317 636 1193 248.31169614895862
318 637 3111 219.41845328786755
319 638 1898 289.24788807774837
320 638 2768 102.57862538540739
321 639 1654 589.5154570682133
322 642 4385 167.67066451049658
323 643 1750 272.4097254748146
324 643 4058 355.8937240896966
325 646 2934 399.95648548112194
326 650 1292 120.0208599675275
327 651 3141 251.24229935056783
328 653 4475 617.2186104173765
329 655 4468 168.91721145688896
330 656 402 291.085276464065
331 660 1118 200.54704257159804
332 662 3581 140.03375680513528
333 663 4385 142.85764377101657
334 664 1332 226.89785118404927
335 666 3128 64.57839293805571
336 667 3344 78.11318182056445
337 669 3407 296.8687990043799
338 673 4471 375.73731149456324
339 674 3599 140.00096707744265
340 677 437 578.5073953651175
341 678 764 288.817690441241
342 678 2054 315.44304197050786
343 688 4833 284.5574966627189
344 697 4034 558.507731981365
345 700 265 404.8414271982507
346 701 2410 322.87644769262243
347 702 488 71.47809064586833
348 702 1944 96.05077202380306
349 703 1947 288.25544453270356
350 704 4747 171.8506197214884
351 705 2602 73.14840970320236
352 706 3492 243.12556766467566
353 707 3518 390.3715055795499
354 709 2477 276.3305784856485
355 709 3971 149.3400239143113
356 710 530 153.67368121126233
357 710 2769 426.29439895580606
358 713 488 240.73364580197864
359 714 2492 170.98409107514775
360 714 3686 174.3649680366773
361 715 4735 180.2000337049338
362 716 1056 287.25312456652466
363 718 1308 451.1196960861926
364 721 2866 141.36244451780297
365 722 3835 230.51802671693645
366 724 2052 189.0055069003295
367 727 4090 149.44183466676654
368 728 2357 543.4440901155858
369 728 4960 103.72842102692508
370 729 975 310.7691308337811
371 730 4445 448.63769683815093
372 731 4 452.45833738549754
373 733 950 477.1264390805267
374 734 3553 257.40403569627006
375 734 4787 135.4385414219007
376 736 1456 190.2840542395849
377 739 3655 219.2748273995709
378 740 741 192.16293641928095
379 741 740 192.16293641928095
380 746 1192 278.8963138268198
381 747 819 626.7143211160155
382 748 4303 120.17390359434312
383 748 4405 354.0769515133575
384 748 4647 267.60182832824034
385 752 3466 284.8817158894545
386 755 833 288.80036380910263
387 755 4328 375.4177698523755
388 756 1673 87.98693120117579
389 758 3666 229.72899586067268
390 758 4816 122.02602339588057
391 760 2549 153.4890042423999
392 763 2529 150.8078765431757
393 763 3396 340.1024523161818
394 764 678 288.817690441241
395 765 4224 102.78323891882262
396 766 1072 372.2082131841124
397 766 4269 478.9962949773398
398 767 4943 135.0938410439012
399 769 1197 359.2220302798014
400 770 4122 443.6313799328399
401 771 4231 127.21265200670008
402 772 143 108.41124492528752
403 772 4739 418.1122681701658
404 775 3545 83.78134657572643
405 776 2754 212.93834614199986
406 779 4654 551.6250938474858
407 781 3891 565.534445501913
408 781 4177 9.076994424357078
409 787 4045 118.02266316619021
410 788 1963 288.8124922700023
411 790 3072 162.39093474523966
412 792 4138 84.57979460436184
413 793 1864 165.36341901981663
414 795 2544 70.96509654376328
415 795 3983 74.35730758179542
416 798 2546 492.8349920333447
417 798 3703 676.1731997359077
418 799 1452 298.10728302121754
419 800 1821 286.3815313077895
420 802 266 571.0254847864601
421 808 1667 425.98906447314874
422 811 3759 124.74422213183384
423 811 3982 77.81722525319192
424 812 477 99.68430156571353
425 812 4784 520.1440298874738
426 813 3954 120.28020102669524
427 816 2150 304.2478711952827
428 817 3819 152.3888242409665
429 819 747 626.7143211160155
430 819 4097 364.3798468186796
431 827 3651 90.67409110658001
432 828 2354 109.03390308716206
433 828 2543 131.4841346658647
434 829 1664 116.83018881782002
435 830 88 185.3094327150788
436 832 2821 428.3974918427143
437 833 755 288.80036380910263
438 834 2717 283.3115211856596
439 836 1778 59.741635101561066
440 846 3698 121.1127318091503
441 850 4139 126.17746979691867
442 851 2794 232.45976350524444
443 854 4979 470.4510541978267
444 855 1697 143.85303353686882
445 856 4642 538.5451353676117
446 862 4756 127.29603955799514
447 867 124 253.62630716285008
448 867 2992 312.79677701022587
449 870 4802 666.8282360783263
450 871 2909 135.232473116634
451 873 2653 295.1428033320489
452 873 3441 291.521509343479
453 873 3591 348.3328424739587
454 881 4373 147.65386536543605
455 884 4899 302.58525426186486
456 888 4901 271.7996989756234
457 890 2977 426.04741034189976
458 891 1829 209.45326947142505
459 893 2749 164.24189200990168
460 894 2148 375.5732263989607
461 896 4106 47.07366945898105
462 898 2821 174.11458948521482
463 898 4769 300.36773036600005
464 898 4779 313.6214590108498
465 899 1999 258.89380992672994
466 902 3364 202.84496486968223
467 903 261 292.7752142555719
468 905 3354 143.45552625915875
469 907 1325 607.2602610608226
470 916 3691 421.79442412493535
471 917 3603 382.3718274728902
472 920 2109 123.11193651246798
473 926 1306 127.38096427965381
474 926 3558 143.19975374212706
475 930 3393 162.76208007963797
476 934 3470 424.8783180041514
477 935 4912 296.87303678667405
478 936 3044 390.01746659614435
479 938 515 57.962956018736584
480 940 381 230.7757671534367
481 944 4555 297.52310131085534
482 945 2105 150.17555452417622
483 948 2368 244.9646636016007
484 950 147 413.5040751574913
485 950 733 477.1264390805267
486 951 602 173.44213344396974
487 951 962 136.01672922664562
488 951 3032 230.4437143595892
489 955 3142 137.45238941447244
490 962 194 68.85614704253882
491 962 951 136.01672922664562
492 962 1085 298.3796160128645
493 963 417 441.87010741945124
494 963 2620 25.72312099322199
495 966 2259 39.02641469477286
496 966 4036 125.51297925193907
497 969 2464 447.1457594696389
498 974 4162 185.22781349644717
499 975 729 310.7691308337811
500 976 977 381.072727419573
501 977 976 381.072727419573
502 977 994 289.060704356953
503 978 183 273.4269769349508
504 978 2720 335.17509262601055
505 982 2924 176.21132344184682
506 987 593 614.4409462814733
507 988 4717 78.72415699579281
508 989 3554 342.7773305199342
509 991 270 356.29067387204447
510 993 3432 628.8409784911637
511 994 977 289.060704356953
512 996 1775 391.8900073920523
513 998 3080 406.970461193942
514 1003 2925 268.30672997381197
515 1006 124 284.5279764886467
516 1007 1710 182.47692106485798
517 1008 1272 142.0543940869361
518 1014 145 147.92308503517796
519 1015 4681 200.58456005143904
520 1023 1551 362.6205630603201
521 1023 2293 64.57970948663618
522 1023 4035 115.11338127157434
523 1025 2473 196.33757335126984
524 1029 1269 264.32848841326097
525 1030 3129 362.08435753562895
526 1040 4235 190.3466365602778
527 1044 4378 234.9929079559244
528 1051 3622 316.51454248579734
529 1056 716 287.25312456652466
530 1058 1557 354.41597856782647
531 1060 3679 218.81537051532604
532 1060 3940 183.31809019135073
533 1063 4432 435.9664984260839
534 1065 306 450.20811026357893
535 1066 3263 322.9821142710838
536 1072 766 372.2082131841124
537 1074 1874 327.30155895896036
538 1080 1617 228.96601164676508
539 1083 2496 310.8230783718371
540 1083 2849 52.10800309473654
541 1085 962 298.3796160128645
542 1089 1935 507.3261902789784
543 1091 472 91.99755670559479
544 1091 1509 519.3679771539885
545 1093 2637 274.7917525646779
546 1097 3973 105.03143627301101
547 1099 4133 107.92347252570764
548 1100 1141 320.2241488888427
549 1100 3060 49.63583602412403
550 1105 213 170.45066944964236
551 1106 4430 118.75215682939316
552 1108 1871 156.60442774703336
553 1114 4904 403.3546090590257
554 1118 660 200.54704257159804
555 1118 3065 274.66153043161586
556 1122 2489 583.440140183107
557 1128 3892 184.77613285235705
558 1130 2926 199.85054476710837
559 1131 1604 360.75964158850024
560 1131 3843 476.428579213583
561 1137 400 33.76705112144662
562 1141 1100 320.2241488888427
563 1141 2730 563.3315507301876
564 1141 3453 407.06887842936624
565 1143 3171 471.53497091795094
566 1144 2830 179.23317742965833
567 1144 3778 495.4258871760338
568 1145 4441 363.6612190138001
569 1147 3400 73.62095945922704
570 1152 4082 194.18097395450815
571 1155 1459 496.330019227633
572 1155 1818 254.50115119598942
573 1159 3528 438.79239618379853
574 1160 4252 110.20477148947141
575 1162 1251 175.63946983578208
576 1167 1835 172.10905199549703
577 1170 1609 275.6651717434502
578 1170 4139 227.9280230550857
579 1172 2091 435.3884574402664
580 1174 406 216.4131373733667
581 1178 1492 235.42688425810215
582 1179 2400 413.2673954488103
583 1180 3113 459.47204735183436
584 1181 4683 178.53569657553848
585 1182 4774 241.55179213436364
586 1183 1467 134.03245915698065
587 1186 1445 637.602106354646
588 1187 3444 333.85791984685096
589 1190 4005 234.001161424491
590 1191 390 106.79285700332737
591 1191 1932 147.73773275904014
592 1192 746 278.8963138268198
593 1192 3688 253.5741915733831
594 1193 636 248.31169614895862
595 1194 422 89.33122908094597
596 1194 2249 514.0548948186296
597 1195 1963 193.59567880335976
598 1197 769 359.2220302798014
599 1197 2935 106.98957671810184
600 1203 2544 331.1391740483082
601 1205 4036 80.00098728789929
602 1206 4488 587.2579998902734
603 1207 4851 294.15953959418874
604 1208 428 558.7555258843864
605 1208 4289 182.37959249165476
606 1208 4359 165.63984218071838
607 1209 593 466.2182214484217
608 1211 204 20.74929700733015
609 1212 4476 509.64963954164756
610 1212 4516 462.7238141482439
611 1215 3067 138.3632767520475
612 1216 3790 159.80417022964994
613 1218 4007 451.06007305472235
614 1219 4456 441.3234477872995
615 1221 2012 19.232277372046223
616 1221 3690 54.88017954674875
617 1224 2592 308.62476499632993
618 1227 1386 243.79479954859033
619 1227 3591 244.74433870501298
620 1231 2762 160.5627516432638
621 1232 1489 73.79869761225594
622 1232 3094 281.1988119332123
623 1234 3869 112.7680453074085
624 1239 4986 370.14093120331495
625 1242 2564 210.5138951288112
626 1251 1162 175.63946983578208
627 1256 4086 163.06234309844805
628 1258 2269 80.13953042050488
629 1258 3183 294.64768493115423
630 1258 4555 168.53344252446996
631 1260 4983 189.85233160312197
632 1265 3026 106.07675207441662
633 1269 1029 264.32848841326097
634 1272 1008 142.0543940869361
635 1272 1298 410.1225642432745
636 1273 66 212.42497321767627
637 1274 2769 177.2283302748627
638 1277 324 227.19064658424463
639 1277 2205 100.64355078544848
640 1279 1284 178.00885690404542
641 1284 1279 178.00885690404542
642 1287 3864 262.0857633790493
643 1291 4587 202.96023200087745
644 1292 650 120.0208599675275
645 1293 2177 117.857987597172
646 1293 4620 529.0525095770757
647 1294 187 155.39198327439877
648 1298 1272 410.1225642432745
649 1298 1670 266.0629776666026
650 1299 1513 386.15677288966106
651 1301 1489 381.8725523631633
652 1306 449 604.0823301299225
653 1306 926 127.38096427965381
654 1307 1603 542.2668965453859
655 1308 718 451.1196960861926
656 1310 1965 454.17670221240263
657 1316 3657 48.98914153875885
658 1318 1494 243.8611342653384
659 1322 1981 114.88352751081759
660 1323 2178 118.03729841673547
661 1325 907 607.2602610608226
662 1332 664 226.89785118404927
663 1343 4072 404.65565918734467
664 1345 3872 175.21272982663626
665 1347 1453 156.1250154684358
666 1349 3628 509.0011145576125
667 1352 42 268.9240907724753
668 1353 3869 522.9075263536987
669 1358 1837 635.3398081704811
670 1358 2554 566.3989753553476
671 1361 3731 170.51560733088877
672 1363 3866 138.54453271976072
673 1363 4089 318.9239852550983
674 1367 1944 163.61851611756293
675 1368 4851 488.51704645699994
676 1370 2065 275.77360780441774
677 1373 1879 96.59543130477265
678 1374 4979 202.77160605854257
679 1377 1665 380.8686388631687
680 1377 2823 212.727253830721
681 1386 1227 243.79479954859033
682 1389 4484 404.99744124930686
683 1393 3799 574.5832845147079
684 1395 2652 167.44528232658143
685 1401 3309 451.6718955684214
686 1408 4613 165.51738564446194
687 1411 1611 69.64602855153255
688 1412 2401 421.41137591934
689 1415 1864 536.4217268948197
690 1415 2101 636.3913295206319
691 1418 4027 493.9536113596201
692 1420 4929 88.11897886905707
693 1422 462 209.32012457398594
694 1423 47 423.2888192589395
695 1423 4318 148.56715788136205
696 1424 68 350.38031197397635
697 1426 1893 182.93439702725448
698 1427 2069 26.812638014323937
699 1432 4875 80.82287398799541
700 1442 3700 432.0453333358661
701 1445 1186 637.602106354646
702 1445 3099 300.40841254043545
703 1446 2886 344.99944339896217
704 1446 3118 96.77370855517393
705 1450 113 128.22436283350862
706 1450 3761 141.09714123053723
707 1452 799 298.10728302121754
708 1452 2923 96.83235508695219
709 1452 4943 369.0836571232892
710 1453 1347 156.1250154684358
711 1454 4557 129.905965844441
712 1456 736 190.2840542395849
713 1459 1155 496.330019227633
714 1462 2058 96.32124233192759
715 1466 4753 193.86308064043087
716 1467 1183 134.03245915698065
717 1468 197 287.3359137198244
718 1472 2010 250.83969574916753
719 1475 2430 20.101394591586512
720 1477 2742 288.8164290142499
721 1479 1747 203.23696317844067
722 1479 4341 111.87678517978689
723 1481 1683 111.82793543363225
724 1482 2983 156.3336552572783
725 1482 4948 550.9529681357633
726 1488 585 198.7047479563885
727 1489 1232 73.79869761225594
728 1489 1301 381.8725523631633
729 1492 1178 235.42688425810215
730 1492 2925 688.5364323563418
731 1493 3673 160.0322771556027
732 1494 1318 243.8611342653384
733 1497 2800 589.0060307194113
734 1498 454 597.5752434281789
735 1499 2809 220.2446226278025
736 1500 3512 171.60686445093611
737 1501 3397 239.5232310996211
738 1507 615 496.5476015731508
739 1507 4562 145.75504418956984
740 1508 466 635.2500475289094
741 1509 1091 519.3679771539885
742 1513 1299 386.15677288966106
743 1517 1714 128.78799758542647
744 1518 3050 189.9239896589853
745 1519 4635 91.56551438586126
746 1523 1808 29.251790468582797
747 1525 3304 501.57862982749054
748 1526 1618 193.3265431039848
749 1530 4277 302.06637382376954
750 1531 525 157.58660498381786
751 1536 3677 163.7662960616143
752 1540 3504 14.481703406913626
753 1542 3769 472.4548844890842
754 1549 4341 235.19276247060353
755 1551 1023 362.6205630603201
756 1551 4179 413.8025016828607
757 1552 300 409.150913578153
758 1554 1914 48.447806239017154
759 1554 4589 388.8017081354596
760 1557 1058 354.41597856782647
761 1557 2122 509.47164671049694
762 1557 3492 374.60287666074976
763 1561 3379 303.88531354146687
764 1569 200 408.1154180360007
765 1579 4225 65.06963252584475
766 1583 1650 563.334920799185
767 1586 4055 69.02843619834681
768 1590 3862 515.7426809417963
769 1592 2988 432.40734959867035
770 1592 3470 151.51898750470698
771 1596 490 354.80032917180307
772 1596 2191 155.64747902631402
773 1598 1939 64.88432093432657
774 1598 4606 170.74419828605474
775 1599 3386 352.04031617271517
776 1600 380 43.92303002177852
777 1603 1307 542.2668965453859
778 1604 624 236.73575930755064
779 1604 1131 360.75964158850024
780 1606 2042 531.1636879227799
781 1609 1170 275.6651717434502
782 1609 3352 316.6719327792034
783 1611 1411 69.64602855153255
784 1612 2216 360.5490429765924
785 1613 2092 107.17995758494193
786 1613 4102 174.31051795820693
787 1614 607 140.83101227572152
788 1616 84 215.3081026441295
789 1617 1080 228.96601164676508
790 1618 1526 193.3265431039848
791 1623 1939 286.82066888018176
792 1624 3194 77.23409019176135
793 1625 525 237.81704530394637
794 1626 2797 161.62340927072358
795 1627 396 599.616906087702
796 1628 2399 520.938010856956
797 1631 3755 605.8063561828566
798 1637 176 545.9743265035792
799 1637 1971 266.57259332997785
800 1638 2590 348.4624209035568
801 1641 520 169.13335917098323
802 1641 2975 386.13592003000895
803 1641 4529 539.5053574689047
804 1644 69 230.82673730053554
805 1644 3991 289.51850376581945
806 1647 4855 331.05309035949887
807 1648 169 137.49975203659815
808 1649 3672 238.46236379324696
809 1650 1583 563.334920799185
810 1652 2880 163.699337556668
811 1654 639 589.5154570682133
812 1661 2179 182.63720758830812
813 1663 537 175.57102983842626
814 1664 829 116.83018881782002
815 1665 1377 380.8686388631687
816 1666 1969 251.99887124522945
817 1667 808 425.98906447314874
818 1670 1298 266.0629776666026
819 1671 3390 676.3526454706451
820 1671 4385 389.4205328728774
821 1673 756 87.98693120117579
822 1674 3994 390.37627032701846
823 1682 4130 168.73128970001426
824 1683 1481 111.82793543363225
825 1683 2524 18.33240270524502
826 1688 3038 577.9448242221113
827 1696 4020 204.62586261079716
828 1697 855 143.85303353686882
829 1699 3239 289.0767421898288
830 1700 2001 229.15966868092855
831 1700 3052 269.42091575443186
832 1702 4914 577.0148816953771
833 1705 4973 163.8391209600174
834 1707 2360 96.2949737590418
835 1709 3410 102.70814517838508
836 1709 4765 455.3040041361863
837 1710 1007 182.47692106485798
838 1710 1716 413.62967891838906
839 1711 2584 198.28371808981098
840 1712 3190 212.69881397689844
841 1714 1517 128.78799758542647
842 1714 3520 417.0784095748145
843 1714 4265 200.0070713609394
844 1715 1748 302.93306217740354
845 1715 3989 265.98087815463293
846 1716 1710 413.62967891838906
847 1717 500 137.24989399580684
848 1718 317 299.53600298471827
849 1719 3959 116.0812092703397
850 1720 3583 273.73148457605214
851 1724 1880 304.2198253486491
852 1724 3151 191.58196492295428
853 1728 4426 148.05434819817575
854 1730 3121 482.55316953792004
855 1740 4226 250.07979373689872
856 1743 2717 158.12042512045107
857 1744 237 537.0354264020368
858 1744 401 163.26858349614346
859 1747 1479 203.23696317844067
860 1748 1715 302.93306217740354
861 1750 643 272.4097254748146
862 1754 2138 417.9675928355969
863 1755 499 206.16557948374322
864 1758 3334 10.624960821501364
865 1760 3822 119.11326752174749
866 1761 2775 585.666068272688
867 1761 4116 297.4830771194449
868 1761 4861 108.03191960707471
869 1762 2550 376.05003101812866
870 1762 4267 311.9907208155687
871 1764 3319 375.9056691972684
872 1765 3059 186.57918593564352
873 1766 525 159.50411415623336
874 1766 1936 47.615795879111595
875 1768 171 346.7859613004761
876 1769 34 419.7657621138408
877 1770 3337 581.2229166049196
878 1771 2676 196.02132229903503
879 1773 4649 143.55812301847922
880 1775 996 391.8900073920523
881 1776 3836 275.4364230189063
882 1777 3031 156.89214948899755
883 1778 836 59.741635101561066
884 1781 515 140.93502626932894
885 1785 2660 196.14725552298776
886 1785 3067 254.63081099806715
887 1789 207 496.8787230693305
888 1789 4045 280.18212225332996
889 1790 3018 322.97750292955243
890 1794 2926 113.87377964228217
891 1795 2457 134.36686064211077
892 1795 4638 116.28321199521072
893 1797 335 104.02423392742456
894 1797 2592 310.7198950591516
895 1801 250 411.81513526017784
896 1804 1964 140.05859803518834
897 1805 3914 272.8475244977872
898 1808 1523 29.251790468582797
899 1809 263 466.9666748693058
900 1811 2089 484.8139729993107
901 1812 3115 449.4628551543811
902 1813 2469 357.75089423029203
903 1818 1155 254.50115119598942
904 1820 30 65.28801865636285
905 1820 4265 413.1972198712294
906 1821 800 286.3815313077895
907 1824 92 539.0478042540485
908 1825 3554 86.10796399246706
909 1826 3787 247.49952707809956
910 1827 2185 71.32103018253078
911 1828 2585 369.49036590143766
912 1829 891 209.45326947142505
913 1829 3992 174.58193196071346
914 1830 84 455.4903288332356
915 1830 4719 104.19319290036654
916 1835 1167 172.10905199549703
917 1837 1358 635.3398081704811
918 1849 4089 548.4760785313541
919 1851 144 162.23558446424343
920 1851 3529 294.44868277855227
921 1852 2809 142.99055947774053
922 1856 3522 475.05490727028325
923 1864 793 165.36341901981663
924 1864 1415 536.4217268948197
925 1864 4518 170.55279998493046
926 1867 4543 47.69230638642829
927 1868 2563 235.97358822819953
928 1869 4560 209.56040580855498
929 1870 3027 194.03233103230994
930 1871 1108 156.60442774703336
931 1873 2803 146.3185825376456
932 1874 1074 327.30155895896036
933 1875 4124 337.94884363158855
934 1877 2357 629.176407809217
935 1877 2939 591.609946435074
936 1878 4824 604.78512547587
937 1879 1373 96.59543130477265
938 1880 1724 304.2198253486491
939 1880 3573 400.09473725996617
940 1881 3687 426.4588644984645
941 1883 172 330.0205260102582
942 1886 4904 201.07592445652566
943 1887 4882 165.3145093956414
944 1888 476 457.7071591541501
945 1888 2685 408.28620165362446
946 1890 2249 215.3828070594547
947 1891 4395 479.1300876350167
948 1891 4915 300.42250032577056
949 1893 1426 182.93439702725448
950 1895 4532 255.90679169294467
951 1896 4073 158.24079446201702
952 1898 638 289.24788807774837
953 1901 2622 98.76426017587583
954 1905 4832 323.8767937038163
955 1906 4348 26.890017331473622
956 1909 3348 520.8119380441117
957 1914 1554 48.447806239017154
958 1915 2384 614.9145085385575
959 1915 4831 400.32660709660973
960 1917 4342 158.0315700295363
961 1918 536 204.10128850913836
962 1921 4019 372.13069096416893
963 1923 3727 108.83289034527472
964 1928 3999 222.6767582335564
965 1932 1191 147.73773275904014
966 1934 419 203.67610274105965
967 1935 1089 507.3261902789784
968 1935 4784 370.83237953991204
969 1936 1766 47.615795879111595
970 1936 3290 56.51446646735749
971 1939 1598 64.88432093432657
972 1939 1623 286.82066888018176
973 1944 702 96.05077202380306
974 1944 1367 163.61851611756293
975 1947 703 288.25544453270356
976 1948 8 346.1554661333176
977 1948 1999 266.5156288001474
978 1949 2042 435.89125491481894
979 1949 2218 249.06421867775285
980 1954 4392 230.17916323872765
981 1954 4978 196.0198121755781
982 1961 3002 356.28277220451065
983 1963 788 288.8124922700023
984 1963 1195 193.59567880335976
985 1963 4343 505.7156476066547
986 1964 1804 140.05859803518834
987 1965 1310 454.17670221240263
988 1969 1666 251.99887124522945
989 1971 1637 266.57259332997785
990 1974 2056 373.87444176246976
991 1977 3263 535.3955953389519
992 1979 4977 281.44757846202975
993 1981 1322 114.88352751081759
994 1984 3209 270.36132584474217
995 1985 4963 524.395361757499
996 1990 214 364.14602495168106
997 1997 448 73.21272963868942
998 1997 4758 121.67955497394881
999 1999 899 258.89380992672994
1000 1999 1948 266.5156288001474
1001 2000 328 119.88574360903255
1002 2001 1700 229.15966868092855
1003 2002 26 310.54929770928
1004 2010 1472 250.83969574916753
1005 2010 4657 285.22086706047844
1006 2012 1221 19.232277372046223
1007 2012 2073 80.34789800538839
1008 2013 2698 131.415148263769
1009 2016 206 62.27428615678871
1010 2018 2747 76.57160389837163
1011 2018 4964 134.54112412723094
1012 2019 4782 83.87268436396204
1013 2022 532 74.57518730201683
1014 2023 2629 519.0737348259237
1015 2026 3590 63.95804735362464
1016 2031 146 9.17460168362955
1017 2034 3420 629.0108028348249
1018 2035 3979 225.82957656857556
1019 2042 1606 531.1636879227799
1020 2042 1949 435.89125491481894
1021 2042 3338 600.6690140281186
1022 2048 3222 392.52591595061415
1023 2049 4744 260.81028315654066
1024 2052 724 189.0055069003295
1025 2053 508 121.42061036203509
1026 2054 678 315.44304197050786
1027 2054 2850 477.2688567087855
1028 2056 1974 373.87444176246976
1029 2058 1462 96.32124233192759
1030 2061 282 377.47650426255257
1031 2062 4806 270.58001914797853
1032 2064 3105 680.8817457074906
1033 2065 1370 275.77360780441774
1034 2065 2546 116.17634717892922
1035 2066 4248 80.97292757329863
1036 2067 4129 549.7278295235476
1037 2069 1427 26.812638014323937
1038 2073 2012 80.34789800538839
1039 2083 3231 488.37339178755485
1040 2085 2115 329.8173730896657
1041 2087 2300 130.7047273062356
1042 2089 1811 484.8139729993107
1043 2090 2631 172.45324324170858
1044 2091 1172 435.3884574402664
1045 2092 1613 107.17995758494193
1046 2096 3786 403.8493235229581
1047 2098 4962 154.1473582476765
1048 2101 1415 636.3913295206319
1049 2104 3541 330.87324813075463
1050 2105 945 150.17555452417622
1051 2105 4837 407.86120506185847
1052 2106 3250 103.17076308360684
1053 2107 136 368.0750759575021
1054 2108 3848 500.8319947390274
1055 2108 3863 61.020042403681984
1056 2109 920 123.11193651246798
1057 2115 2085 329.8173730896657
1058 2122 1557 509.47164671049694
1059 2123 3629 134.18788766024207
1060 2125 78 540.9071341908659
1061 2129 4269 243.43957231475
1062 2132 3811 173.25724224055946
1063 2133 4363 483.36661475780176
1064 2135 3079 317.960335899851
1065 2138 1754 417.9675928355969
1066 2139 455 56.48883753185597
1067 2139 2564 105.10030374425614
1068 2142 4585 106.48323380490538
1069 2143 2885 108.04918477187904
1070 2143 3026 388.3189371837882
1071 2144 4087 169.38134845020522
1072 2148 894 375.5732263989607
1073 2150 816 304.2478711952827
1074 2153 2988 120.2347059847698
1075 2153 4048 488.8499952055163
1076 2158 2499 468.24640509960034
1077 2162 2252 193.60486401243884
1078 2162 4379 369.417874029339
1079 2165 3922 211.07129510696683
1080 2169 2327 152.82884147538743
1081 2169 3815 247.94714752527628
1082 2174 3373 287.6533423099608
1083 2175 4831 177.44864248458072
1084 2177 1293 117.857987597172
1085 2178 1323 118.03729841673547
1086 2179 1661 182.63720758830812
1087 2185 1827 71.32103018253078
1088 2188 4674 478.7214709534511
1089 2191 1596 155.64747902631402
1090 2191 4728 79.69230090364456
1091 2198 3978 522.3573329246782
1092 2200 522 148.05451035583982
1093 2201 4965 17.37391257644296
1094 2205 1277 100.64355078544848
1095 2206 4932 124.59997863828943
1096 2210 3726 440.55457565335246
1097 2214 3186 78.53875881003196
1098 2216 1612 360.5490429765924
1099 2218 1949 249.06421867775285
1100 2223 3948 239.1146292296718
1101 2223 4214 473.2652659168552
1102 2234 3439 217.8737898848213
1103 2240 3395 314.9553363700003
1104 2242 4813 245.30541579499032
1105 2243 270 353.82115273021884
1106 2249 1194 514.0548948186296
1107 2249 1890 215.3828070594547
1108 2252 2162 193.60486401243884
1109 2258 3715 178.75931353605
1110 2259 966 39.02641469477286
1111 2264 459 446.4639328921278
1112 2269 5 195.30522748389203
1113 2269 1258 80.13953042050488
1114 2271 3804 393.427830525082
1115 2288 2345 490.76761069920934
1116 2291 2436 202.72527771209798
1117 2293 1023 64.57970948663618
1118 2296 2369 385.3529703318547
1119 2297 433 371.3457284550062
1120 2297 2635 337.5622153174294
1121 2298 554 224.27954202394068
1122 2300 2087 130.7047273062356
1123 2305 4605 227.5688601501067
1124 2308 3228 523.1651413379117
1125 2309 21 202.26818744608596
1126 2314 3303 314.9811217404698
1127 2317 15 288.84797603320084
1128 2320 84 161.52566646797038
1129 2320 3459 169.45473728442252
1130 2326 3473 245.30787344435177
1131 2326 3662 200.84545402544197
1132 2327 2169 152.82884147538743
1133 2331 4233 370.00780783461875
1134 2340 3818 315.9355913494321
1135 2345 2288 490.76761069920934
1136 2349 2521 156.0633715620085
1137 2349 4458 412.2234292205426
1138 2353 2910 160.7454345639682
1139 2354 828 109.03390308716206
1140 2354 3019 122.99908282871247
1141 2355 2880 158.76024568650666
1142 2355 4922 326.0585170791792
1143 2357 728 543.4440901155858
1144 2357 1877 629.176407809217
1145 2360 1707 96.2949737590418
1146 2362 4001 603.191938405955
1147 2366 3538 426.6957686119078
1148 2366 4113 574.3400620397647
1149 2368 948 244.9646636016007
1150 2369 2296 385.3529703318547
1151 2374 4263 78.23843366921135
1152 2376 3322 149.8303908080561
1153 2381 221 398.1288927674158
1154 2382 308 179.28714475476679
1155 2382 3995 120.69927125501498
1156 2384 1915 614.9145085385575
1157 2384 4235 187.09572077223805
1158 2386 3797 327.77233167918325
1159 2388 23 152.42877263252132
1160 2396 4017 205.14782430673156
1161 2399 1628 520.938010856956
1162 2399 3621 455.2457194550141
1163 2400 1179 413.2673954488103
1164 2400 4173 123.49238343400287
1165 2401 1412 421.41137591934
1166 2401 2970 167.78317727814695
1167 2403 4902 185.31909551929857
1168 2405 2874 273.42110416092885
1169 2405 3435 352.2736601569694
1170 2408 3638 107.56921984551641
1171 2410 701 322.87644769262243
1172 2410 4671 315.19566495586014
1173 2410 4926 274.8553626010071
1174 2411 4132 107.4531526957795
1175 2414 3206 258.35741051408877
1176 2417 2710 262.23946353692
1177 2417 4881 120.63621826354434
1178 2419 4889 476.48401980181745
1179 2420 132 267.3551194322017
1180 2424 550 17.962754193611588
1181 2425 4634 367.2628688988404
1182 2430 1475 20.101394591586512
1183 2433 4333 502.8877990954178
1184 2436 2291 202.72527771209798
1185 2436 4433 227.80621846887655
1186 2439 3053 150.67245477507706
1187 2441 397 306.59639334529044
1188 2441 478 311.69081597143963
1189 2443 2508 567.5425732324762
1190 2443 4406 470.50447142821633
1191 2448 4889 221.8298424003898
1192 2457 1795 134.36686064211077
1193 2457 3230 242.44193386049585
1194 2458 86 223.5795082945144
1195 2459 3978 309.0389298897468
1196 2464 969 447.1457594696389
1197 2469 1813 357.75089423029203
1198 2470 2609 108.26722952001747
1199 2472 4046 307.90722562675325
1200 2473 1025 196.33757335126984
1201 2476 300 305.61702996644294
1202 2477 709 276.3305784856485
1203 2477 3720 144.73707860098227
1204 2478 4942 341.9975156822281
1205 2479 4430 97.66287701616177
1206 2481 2926 417.71698079067545
1207 2481 3107 553.2201827382686
1208 2483 3270 103.24886634562469
1209 2484 3635 140.41360197341035
1210 2484 3991 142.4047097310733
1211 2487 3832 231.12171282938223
1212 2489 1122 583.440140183107
1213 2491 3775 207.13118895002523
1214 2492 714 170.98409107514775
1215 2493 597 251.29399198082248
1216 2493 3657 305.222692674644
1217 2496 543 416.18816362726295
1218 2496 1083 310.8230783718371
1219 2498 3486 576.595631296414
1220 2499 2158 468.24640509960034
1221 2499 3306 86.71998902630943
1222 2502 3735 198.99186248166004
1223 2506 3500 99.18727224416303
1224 2508 2443 567.5425732324762
1225 2508 4004 269.16681363543
1226 2511 4727 259.5945686861391
1227 2516 4037 477.9227591145525
1228 2519 3207 100.24388145119796
1229 2521 2349 156.0633715620085
1230 2523 342 148.19048528857334
1231 2524 435 188.1475284664267
1232 2524 1683 18.33240270524502
1233 2529 763 150.8078765431757
1234 2532 4474 244.58296233967405
1235 2535 3699 127.10843114226307
1236 2537 2674 142.78749850795725
1237 2540 2826 168.4696562992039
1238 2543 828 131.4841346658647
1239 2543 4515 312.1752208705095
1240 2544 71 134.07169676558962
1241 2544 795 70.96509654376328
1242 2544 1203 331.1391740483082
1243 2546 798 492.8349920333447
1244 2546 2065 116.17634717892922
1245 2549 760 153.4890042423999
1246 2550 1762 376.05003101812866
1247 2554 1358 566.3989753553476
1248 2555 3110 122.93358963554206
1249 2555 4829 242.63447360544168
1250 2557 3043 89.16295199386957
1251 2558 340 143.7665327759942
1252 2558 3531 169.4428474204404
1253 2561 2587 208.18265802783924
1254 2563 1868 235.97358822819953
1255 2564 1242 210.5138951288112
1256 2564 2139 105.10030374425614
1257 2566 3201 47.080445961867795
1258 2569 2992 9.013763385050906
1259 2569 4146 461.22745600037877
1260 2570 3922 404.93164033294096
1261 2573 3832 203.95966818331294
1262 2574 3664 607.9389056793733
1263 2577 4946 320.27958298638623
1264 2579 4161 405.37751547804055
1265 2580 3854 38.238291441570325
1266 2584 1711 198.28371808981098
1267 2584 4673 160.97441667303178
1268 2585 1828 369.49036590143766
1269 2586 4681 45.50931511064019
1270 2587 2561 208.18265802783924
1271 2588 4455 214.9137670123945
1272 2589 3540 365.59047882551715
1273 2590 1638 348.4624209035568
1274 2592 1224 308.62476499632993
1275 2592 1797 310.7198950591516
1276 2593 96 111.34479119710434
1277 2597 2737 513.6857365595398
1278 2601 3180 69.17445858339033
1279 2602 705 73.14840970320236
1280 2609 2470 108.26722952001747
1281 2611 3415 88.146968707346
1282 2617 4932 461.6909395808104
1283 2618 192 201.669139073808
1284 2618 4772 154.95449351332698
1285 2620 963 25.72312099322199
1286 2622 428 168.9919616817745
1287 2622 1901 98.76426017587583
1288 2629 2023 519.0737348259237
1289 2630 2901 386.78733436185325
1290 2631 2090 172.45324324170858
1291 2635 2297 337.5622153174294
1292 2637 1093 274.7917525646779
1293 2639 3553 110.86653050924943
1294 2641 511 349.30375703122735
1295 2642 3407 158.45213140134084
1296 2642 3554 484.367165164183
1297 2645 4785 247.8745070622577
1298 2649 2794 105.71907770298036
1299 2650 2998 123.19968615930202
1300 2652 1395 167.44528232658143
1301 2652 3825 60.90649245499349
1302 2653 873 295.1428033320489
1303 2653 3580 81.09336837118433
1304 2657 3319 550.9078487232297
1305 2660 1785 196.14725552298776
1306 2663 4209 199.06446659202834
1307 2664 4243 59.51924816748275
1308 2669 3918 305.33064530912276
1309 2671 3617 211.2128742544606
1310 2674 2537 142.78749850795725
1311 2675 3044 169.4214551726851
1312 2676 1771 196.02132229903503
1313 2684 108 151.28737884174393
1314 2685 1888 408.28620165362446
1315 2686 2728 438.57217835214544
1316 2687 4469 230.72667991852288
1317 2691 3064 78.82529489269152
1318 2694 4283 281.99041160385076
1319 2694 4746 621.2836722358276
1320 2698 2013 131.415148263769
1321 2702 4347 469.9165484170441
1322 2708 295 461.5359089855195
1323 2710 123 385.5992263987492
1324 2710 2417 262.23946353692
1325 2711 2991 177.46151931498062
1326 2716 2736 195.29997726839224
1327 2717 146 183.76911587489514
1328 2717 834 283.3115211856596
1329 2717 1743 158.12042512045107
1330 2720 978 335.17509262601055
1331 2720 4299 33.41802744811769
1332 2723 4516 252.31983849703846
1333 2728 2686 438.57217835214544
1334 2730 1141 563.3315507301876
1335 2731 4092 505.4201317919692
1336 2735 241 173.42078286336965
1337 2735 3267 501.3711260581418
1338 2736 2716 195.29997726839224
1339 2737 2597 513.6857365595398
1340 2738 104 265.15256478841144
1341 2738 4495 286.9369872136404
1342 2742 1477 288.8164290142499
1343 2743 3974 162.97500489860641
1344 2744 4704 188.67961383459493
1345 2745 3694 455.8333226647057
1346 2747 2018 76.57160389837163
1347 2747 3679 169.44772081005488
1348 2749 893 164.24189200990168
1349 2749 3840 354.3177752337242
1350 2754 776 212.93834614199986
1351 2757 3001 499.58223753814997
1352 2759 4149 65.64330780062433
1353 2762 1231 160.5627516432638
1354 2768 638 102.57862538540739
1355 2769 710 426.29439895580606
1356 2769 1274 177.2283302748627
1357 2775 1761 585.666068272688
1358 2784 4799 415.1750392389348
1359 2789 3287 123.83351556106004
1360 2792 4328 249.9171153522762
1361 2794 851 232.45976350524444
1362 2794 2649 105.71907770298036
1363 2797 1626 161.62340927072358
1364 2800 1497 589.0060307194113
1365 2803 197 165.45088498517148
1366 2803 1873 146.3185825376456
1367 2806 3938 378.3413141838782
1368 2809 1499 220.2446226278025
1369 2809 1852 142.99055947774053
1370 2811 4665 496.1607816890946
1371 2815 4142 303.46284787923014
1372 2816 3677 508.18271266984044
1373 2817 190 420.7440679687766
1374 2818 4061 497.75399751817616
1375 2818 4372 544.1309373257279
1376 2821 832 428.3974918427143
1377 2821 898 174.11458948521482
1378 2823 1377 212.727253830721
1379 2826 2540 168.4696562992039
1380 2830 1144 179.23317742965833
1381 2834 4678 638.5931319296619
1382 2837 500 313.0177465634486
1383 2847 268 46.07289355011685
1384 2847 4543 133.3608069423317
1385 2849 1083 52.10800309473654
1386 2849 4648 78.21163950108932
1387 2850 427 306.1935950815823
1388 2850 2054 477.2688567087855
1389 2857 63 285.8516386047708
1390 2866 721 141.36244451780297
1391 2870 122 277.99689842741293
1392 2871 4616 148.49430455752676
1393 2874 2405 273.42110416092885
1394 2875 4040 111.7530796515266
1395 2878 109 40.09038293272611
1396 2880 1652 163.699337556668
1397 2880 2355 158.76024568650666
1398 2882 4896 146.58084437492965
1399 2885 2143 108.04918477187904
1400 2886 1446 344.99944339896217
1401 2886 3746 130.5598188478806
1402 2890 634 397.33216780481285
1403 2901 2630 386.78733436185325
1404 2904 36 221.72716366497997
1405 2909 871 135.232473116634
1406 2910 2353 160.7454345639682
1407 2911 3274 263.1958609040241
1408 2912 298 279.79761861148717
1409 2913 499 127.139866377688
1410 2914 4386 121.76302058489772
1411 2923 1452 96.83235508695219
1412 2923 3314 158.14668517773381
1413 2924 982 176.21132344184682
1414 2925 1003 268.30672997381197
1415 2925 1492 688.5364323563418
1416 2925 4512 157.28703357034416
1417 2926 1130 199.85054476710837
1418 2926 1794 113.87377964228217
1419 2926 2481 417.71698079067545
1420 2927 2973 322.63974763098696
1421 2927 3856 212.12075740686478
1422 2931 4710 463.88619435866184
1423 2931 4787 56.2770972754602
1424 2934 646 399.95648548112194
1425 2934 3118 591.0488064065602
1426 2935 1197 106.98957671810184
1427 2936 163 422.8943041107707
1428 2939 1877 591.609946435074
1429 2939 4283 191.93046955830795
1430 2943 209 130.3049376483787
1431 2945 3637 320.4785806073309
1432 2948 185 184.84995506493686
1433 2951 4752 147.78216436513137
1434 2953 203 344.10445790557236
1435 2958 4200 341.67768379626284
1436 2961 168 371.5588592057734
1437 2967 4795 80.48306460310111
1438 2969 3310 264.563778197267
1439 2970 2401 167.78317727814695
1440 2973 2927 322.63974763098696
1441 2975 1641 386.13592003000895
1442 2977 890 426.04741034189976
1443 2979 4746 663.7538076360506
1444 2980 330 366.9558326465867
1445 2981 312 100.3177082593011
1446 2983 1482 156.3336552572783
1447 2988 1592 432.40734959867035
1448 2988 2153 120.2347059847698
1449 2988 3928 75.86554299499106
1450 2989 3219 261.61309929908646
1451 2991 2711 177.46151931498062
1452 2992 867 312.79677701022587
1453 2992 2569 9.013763385050906
1454 2996 4463 392.7171153659201
1455 2998 2650 123.19968615930202
1456 3001 2757 499.58223753814997
1457 3002 1961 356.28277220451065
1458 3008 4933 76.53895387592257
1459 3009 3682 338.34005574383013
1460 3012 3815 230.30705621882356
1461 3012 4574 323.8307054293096
1462 3013 4063 446.0120809156143
1463 3014 290 136.03575547456225
1464 3015 4157 279.7459941899121
1465 3016 407 57.27720597768977
1466 3018 1790 322.97750292955243
1467 3018 4498 375.87668944079206
1468 3019 2354 122.99908282871247
1469 3020 291 72.69947105216929
1470 3020 3302 183.24447481198843
1471 3025 78 306.9175251080718
1472 3025 3422 111.62947678943546
1473 3026 1265 106.07675207441662
1474 3026 2143 388.3189371837882
1475 3026 3501 611.225599324758
1476 3027 1870 194.03233103230994
1477 3031 241 393.41274760644814
1478 3031 1777 156.89214948899755
1479 3032 951 230.4437143595892
1480 3037 4763 238.17936847579085
1481 3038 1688 577.9448242221113
1482 3039 3106 44.07417222363505
1483 3040 3047 124.21238680122494
1484 3043 2557 89.16295199386957
1485 3043 4037 515.3542433919023
1486 3044 936 390.01746659614435
1487 3044 2675 169.4214551726851
1488 3044 3261 146.4148735964466
1489 3046 4606 197.236474787952
1490 3047 3040 124.21238680122494
1491 3047 4337 227.4556329316392
1492 3048 3648 255.30171805334308
1493 3050 1518 189.9239896589853
1494 3052 1700 269.42091575443186
1495 3052 3060 311.75812316962896
1496 3053 2439 150.67245477507706
1497 3055 3728 91.97330631364844
1498 3057 3769 370.3081504608191
1499 3059 1765 186.57918593564352
1500 3060 1100 49.63583602412403
1501 3060 3052 311.75812316962896
1502 3064 2691 78.82529489269152
1503 3064 4036 397.63600087939915
1504 3065 1118 274.66153043161586
1505 3065 3604 35.24126903915308
1506 3067 1215 138.3632767520475
1507 3067 1785 254.63081099806715
1508 3067 4152 244.67650809776944
1509 3068 130 383.49780983350104
1510 3071 3484 185.75181818634059
1511 3072 790 162.39093474523966
1512 3079 2135 317.960335899851
1513 3080 998 406.970461193942
1514 3089 602 250.53986854407077
1515 3094 1232 281.1988119332123
1516 3098 4038 311.67040455561596
1517 3099 1445 300.40841254043545
1518 3099 4310 150.20089169928755
1519 3100 384 467.618065961462
1520 3105 2064 680.8817457074906
1521 3106 3039 44.07417222363505
1522 3107 2481 553.2201827382686
1523 3110 2555 122.93358963554206
1524 3111 637 219.41845328786755
1525 3113 1180 459.47204735183436
1526 3115 1812 449.4628551543811
1527 3115 4683 247.22767811179233
1528 3118 1446 96.77370855517393
1529 3118 2934 591.0488064065602
1530 3121 1730 482.55316953792004
1531 3122 368 76.10676887437994
1532 3122 419 170.51103943721415
1533 3122 4808 66.96038188708629
1534 3125 3248 404.59970630216293
1535 3128 666 64.57839293805571
1536 3128 3934 431.65219422925617
1537 3128 4981 67.63631916077921
1538 3129 1030 362.08435753562895
1539 3131 3313 450.3758988398955
1540 3133 620 340.63893936459306
1541 3133 4084 134.63445625614744
1542 3139 307 489.461495024892
1543 3139 392 102.64378514245881
1544 3140 4393 619.0440087368888
1545 3141 651 251.24229935056783
1546 3142 955 137.45238941447244
1547 3144 116 290.20427878800365
1548 3151 1724 191.58196492295428
1549 3160 57 232.79749148382498
1550 3169 403 158.9157320416966
1551 3169 407 115.31905093125926
1552 3171 1143 471.53497091795094
1553 3171 4714 361.4286283033757
1554 3180 2601 69.17445858339033
1555 3183 1258 294.64768493115423
1556 3186 2214 78.53875881003196
1557 3190 1712 212.69881397689844
1558 3193 115 234.11395893864173
1559 3194 1624 77.23409019176135
1560 3194 4729 469.5935874868598
1561 3195 4999 351.71261274484647
1562 3197 545 144.7332874637315
1563 3199 3433 549.0110269253348
1564 3199 3573 108.33507285963596
1565 3199 3892 25.709227480051247
1566 3201 2566 47.080445961867795
1567 3206 2414 258.35741051408877
1568 3207 2519 100.24388145119796
1569 3209 1984 270.36132584474217
1570 3209 4492 109.63490706548885
1571 3211 4761 119.53439840347822
1572 3214 3555 242.07386223723705
1573 3219 2989 261.61309929908646
1574 3221 3420 150.10404001801743
1575 3222 2048 392.52591595061415
1576 3226 414 276.20803121365145
1577 3228 2308 523.1651413379117
1578 3230 2457 242.44193386049585
1579 3231 2083 488.37339178755485
1580 3234 367 360.7230646377659
1581 3239 1699 289.0767421898288
1582 3248 3125 404.59970630216293
1583 3250 2106 103.17076308360684
1584 3258 4324 310.3914050360596
1585 3259 4504 194.71835189610198
1586 3261 3044 146.4148735964466
1587 3263 1066 322.9821142710838
1588 3263 1977 535.3955953389519
1589 3266 559 222.10925861163386
1590 3267 2735 501.3711260581418
1591 3270 2483 103.24886634562469
1592 3272 4459 304.10565118622026
1593 3274 2911 263.1958609040241
1594 3285 4637 345.2620477204044
1595 3286 3433 339.26594321349666
1596 3287 2789 123.83351556106004
1597 3290 1936 56.51446646735749
1598 3296 382 638.686991520199
1599 3297 387 323.2286401011198
1600 3302 3020 183.24447481198843
1601 3303 2314 314.9811217404698
1602 3303 3712 20.771385770911028
1603 3304 1525 501.57862982749054
1604 3304 3449 236.40499970988787
1605 3306 2499 86.71998902630943
1606 3309 1401 451.6718955684214
1607 3310 2969 264.563778197267
1608 3313 3131 450.3758988398955
1609 3314 2923 158.14668517773381
1610 3318 4785 233.95642724570683
1611 3319 1764 375.9056691972684
1612 3319 2657 550.9078487232297
1613 3322 2376 149.8303908080561
1614 3328 297 167.95436758768378
1615 3328 3957 548.9566663980564
1616 3330 3690 81.52679809667718
1617 3331 4538 162.8438357088861
1618 3332 481 338.0698904851689
1619 3334 1758 10.624960821501364
1620 3334 3815 296.4453295767542
1621 3334 3972 131.84301632730944
1622 3337 1770 581.2229166049196
1623 3338 2042 600.6690140281186
1624 3342 4340 408.93406555775806
1625 3344 667 78.11318182056445
1626 3346 3746 189.49002738682472
1627 3347 4172 129.18007386384582
1628 3348 1909 520.8119380441117
1629 3349 4499 401.51327749641143
1630 3352 1609 316.6719327792034
1631 3354 905 143.45552625915875
1632 3358 4455 287.13505854887177
1633 3360 405 225.49585113567272
1634 3364 902 202.84496486968223
1635 3366 4091 135.70370031527597
1636 3366 4320 167.5435910131716
1637 3373 2174 287.6533423099608
1638 3378 4918 54.378886481920986
1639 3379 1561 303.88531354146687
1640 3379 3462 44.86114928157582
1641 3384 588 266.2170034991216
1642 3386 1599 352.04031617271517
1643 3390 1671 676.3526454706451
1644 3393 930 162.76208007963797
1645 3393 4064 377.92409860287705
1646 3395 2240 314.9553363700003
1647 3395 3891 95.76560856467641
1648 3395 3964 319.47839379986067
1649 3395 4676 167.18537771866312
1650 3396 763 340.1024523161818
1651 3396 4133 29.348626541118232
1652 3397 1501 239.5232310996211
1653 3397 4024 400.4706381750462
1654 3397 4870 225.69034733256208
1655 3400 1147 73.62095945922704
1656 3406 6 31.991993912608105
1657 3407 108 235.4378450356158
1658 3407 669 296.8687990043799
1659 3407 2642 158.45213140134084
1660 3410 1709 102.70814517838508
1661 3415 2611 88.146968707346
1662 3416 219 345.02428706276515
1663 3420 2034 629.0108028348249
1664 3420 3221 150.10404001801743
1665 3420 4187 436.5898955486908
1666 3420 4577 253.65266595960952
1667 3422 3025 111.62947678943546
1668 3423 214 229.89748933697666
1669 3428 3439 188.38351635792404
1670 3432 993 628.8409784911637
1671 3433 3199 549.0110269253348
1672 3433 3286 339.26594321349666
1673 3435 2405 352.2736601569694
1674 3439 2234 217.8737898848213
1675 3439 3428 188.38351635792404
1676 3441 873 291.521509343479
1677 3444 1187 333.85791984685096
1678 3448 3922 359.6313734260913
1679 3449 3304 236.40499970988787
1680 3453 502 526.916561221233
1681 3453 1141 407.06887842936624
1682 3458 114 521.8059379325969
1683 3459 2320 169.45473728442252
1684 3459 3978 626.2323116092283
1685 3462 3379 44.86114928157582
1686 3464 3686 90.81131880792316
1687 3466 752 284.8817158894545
1688 3468 4897 205.7483931492477
1689 3470 934 424.8783180041514
1690 3470 1592 151.51898750470698
1691 3473 358 138.2801802964525
1692 3473 2326 245.30787344435177
1693 3475 4450 292.3185508469314
1694 3481 247 376.4714317234875
1695 3482 389 274.9138054616332
1696 3484 3071 185.75181818634059
1697 3486 2498 576.595631296414
1698 3486 4374 330.98862633159666
1699 3489 4697 216.6588255046128
1700 3491 3639 112.73055838077727
1701 3492 706 243.12556766467566
1702 3492 1557 374.60287666074976
1703 3495 4520 269.2135338375948
1704 3497 219 267.6599325006885
1705 3499 3830 65.6729879582883
1706 3500 2506 99.18727224416303
1707 3501 3026 611.225599324758
1708 3502 4821 297.9134625677355
1709 3503 4355 117.11527391400803
1710 3504 1540 14.481703406913626
1711 3508 457 172.19800760525618
1712 3510 4466 348.2307113071983
1713 3511 3941 71.26856201318923
1714 3511 4648 389.7164875399275
1715 3512 1500 171.60686445093611
1716 3515 3720 354.66946800887
1717 3516 139 232.3523616751192
1718 3517 4276 314.6714117455247
1719 3518 707 390.3715055795499
1720 3519 4274 268.8130975689684
1721 3519 4636 265.64053065836464
1722 3520 1714 417.0784095748145
1723 3522 1856 475.05490727028325
1724 3528 1159 438.79239618379853
1725 3529 1851 294.44868277855227
1726 3529 4304 405.19901732162094
1727 3531 2558 169.4428474204404
1728 3531 4914 640.2635869966716
1729 3538 2366 426.6957686119078
1730 3539 3656 129.29989934557094
1731 3540 2589 365.59047882551715
1732 3541 2104 330.87324813075463
1733 3545 775 83.78134657572643
1734 3546 3582 260.1266288190149
1735 3553 734 257.40403569627006
1736 3553 2639 110.86653050924943
1737 3554 989 342.7773305199342
1738 3554 1825 86.10796399246706
1739 3554 2642 484.367165164183
1740 3555 3214 242.07386223723705
1741 3557 3647 281.7685671152797
1742 3557 4984 93.00210627174395
1743 3558 926 143.19975374212706
1744 3561 167 470.33588938764296
1745 3567 332 133.95157809519478
1746 3568 309 179.28273615425968
1747 3568 4084 152.4809069838683
1748 3569 4588 132.67264727065788
1749 3570 4127 565.8179863231225
1750 3570 4673 364.0388254513073
1751 3572 3666 85.85924435691739
1752 3573 1880 400.09473725996617
1753 3573 3199 108.33507285963596
1754 3580 2653 81.09336837118433
1755 3581 662 140.03375680513528
1756 3582 3546 260.1266288190149
1757 3583 1720 273.73148457605214
1758 3585 270 63.66536011713983
1759 3588 4716 237.23046980465105
1760 3590 2026 63.95804735362464
1761 3591 873 348.3328424739587
1762 3591 1227 244.74433870501298
1763 3592 566 42.72164169867352
1764 3597 170 270.5148546480092
1765 3599 328 210.32753468831257
1766 3599 674 140.00096707744265
1767 3603 917 382.3718274728902
1768 3604 3065 35.24126903915308
1769 3611 407 109.60963283664454
1770 3616 4024 290.0762745157062
1771 3617 2671 211.2128742544606
1772 3617 4949 120.06684156877597
1773 3621 2399 455.2457194550141
1774 3622 1051 316.51454248579734
1775 3628 1349 509.0011145576125
1776 3629 2123 134.18788766024207
1777 3633 3759 204.77311784423455
1778 3635 2484 140.41360197341035
1779 3637 2945 320.4785806073309
1780 3638 2408 107.56921984551641
1781 3639 3491 112.73055838077727
1782 3639 4519 263.99634284390913
1783 3647 3557 281.7685671152797
1784 3648 3048 255.30171805334308
1785 3651 827 90.67409110658001
1786 3655 739 219.2748273995709
1787 3656 3539 129.29989934557094
1788 3657 1316 48.98914153875885
1789 3657 2493 305.222692674644
1790 3657 4302 619.438414235293
1791 3662 2326 200.84545402544197
1792 3664 2574 607.9389056793733
1793 3666 758 229.72899586067268
1794 3666 3572 85.85924435691739
1795 3669 3933 532.6093854544355
1796 3672 1649 238.46236379324696
1797 3673 1493 160.0322771556027
1798 3677 1536 163.7662960616143
1799 3677 2816 508.18271266984044
1800 3679 1060 218.81537051532604
1801 3679 2747 169.44772081005488
1802 3679 4030 82.62776238629314
1803 3679 4669 553.3302323301218
1804 3681 53 267.7063434197476
1805 3682 3009 338.34005574383013
1806 3686 714 174.3649680366773
1807 3686 3464 90.81131880792316
1808 3687 1881 426.4588644984645
1809 3687 3876 145.07701297518508
1810 3688 1192 253.5741915733831
1811 3690 1221 54.88017954674875
1812 3690 3330 81.52679809667718
1813 3691 273 499.5633397342131
1814 3691 916 421.79442412493535
1815 3692 336 100.45832338198815
1816 3692 4261 311.6991388816692
1817 3694 421 517.7683755274086
1818 3694 2745 455.8333226647057
1819 3697 4795 432.97513400827773
1820 3698 846 121.1127318091503
1821 3699 2535 127.10843114226307
1822 3700 1442 432.0453333358661
1823 3702 402 309.5559830946458
1824 3702 4741 314.96108972506437
1825 3703 798 676.1731997359077
1826 3706 345 340.90280395993545
1827 3709 456 108.28293814066564
1828 3712 3303 20.771385770911028
1829 3715 2258 178.75931353605
1830 3720 2477 144.73707860098227
1831 3720 3515 354.66946800887
1832 3724 4779 613.5136143622126
1833 3726 2210 440.55457565335246
1834 3727 1923 108.83289034527472
1835 3728 3055 91.97330631364844
1836 3731 1361 170.51560733088877
1837 3735 2502 198.99186248166004
1838 3735 3776 285.98603094601725
1839 3742 502 357.67477684760564
1840 3743 4410 84.81300930475675
1841 3746 2886 130.5598188478806
1842 3746 3346 189.49002738682472
1843 3747 4529 374.16445011030964
1844 3748 166 105.12290065430575
1845 3748 4990 83.0521323037924
1846 3755 1631 605.8063561828566
1847 3759 811 124.74422213183384
1848 3759 3633 204.77311784423455
1849 3760 3799 388.50424220640406
1850 3761 1450 141.09714123053723
1851 3762 370 177.27148658229314
1852 3765 4713 79.27468112095657
1853 3767 3952 144.74960611189988
1854 3768 4162 460.35988061002956
1855 3769 1542 472.4548844890842
1856 3769 3057 370.3081504608191
1857 3770 216 52.50379781796495
1858 3775 2491 207.13118895002523
1859 3776 3735 285.98603094601725
1860 3778 1144 495.4258871760338
1861 3781 4328 99.62882387992069
1862 3786 2096 403.8493235229581
1863 3787 1826 247.49952707809956
1864 3790 1216 159.80417022964994
1865 3791 4580 142.34606604511316
1866 3797 2386 327.77233167918325
1867 3798 4512 233.32366928059136
1868 3799 1393 574.5832845147079
1869 3799 3760 388.50424220640406
1870 3800 4479 293.1969607131424
1871 3800 4592 330.6592496450832
1872 3801 4370 89.36060752701468
1873 3803 153 138.99764942266543
1874 3804 2271 393.427830525082
1875 3811 2132 173.25724224055946
1876 3811 3962 109.57797301571479
1877 3815 2169 247.94714752527628
1878 3815 3012 230.30705621882356
1879 3815 3334 296.4453295767542
1880 3815 4737 265.52192981979334
1881 3818 2340 315.9355913494321
1882 3819 817 152.3888242409665
1883 3822 1760 119.11326752174749
1884 3825 2652 60.90649245499349
1885 3827 3901 237.0593961971041
1886 3830 3499 65.6729879582883
1887 3832 2487 231.12171282938223
1888 3832 2573 203.95966818331294
1889 3835 722 230.51802671693645
1890 3836 1776 275.4364230189063
1891 3840 2749 354.3177752337242
1892 3842 4127 548.8337350092664
1893 3843 1131 476.428579213583
1894 3847 500 129.00448727364818
1895 3848 2108 500.8319947390274
1896 3850 4712 246.54649489718017
1897 3854 2580 38.238291441570325
1898 3855 433 285.6179335284291
1899 3856 2927 212.12075740686478
1900 3857 4019 270.9070412693192
1901 3861 4427 218.87734598139207
1902 3862 1590 515.7426809417963
1903 3863 2108 61.020042403681984
1904 3864 1287 262.0857633790493
1905 3866 1363 138.54453271976072
1906 3869 186 106.4456320304186
1907 3869 1234 112.7680453074085
1908 3869 1353 522.9075263536987
1909 3872 1345 175.21272982663626
1910 3876 590 107.4793605325338
1911 3876 3687 145.07701297518508
1912 3879 4799 139.2492147007395
1913 3881 4418 215.02603229639084
1914 3884 117 481.01246158064987
1915 3886 294 203.8289165576006
1916 3891 781 565.534445501913
1917 3891 3395 95.76560856467641
1918 3892 1128 184.77613285235705
1919 3892 3199 25.709227480051247
1920 3900 545 272.1021288807357
1921 3901 3827 237.0593961971041
1922 3902 4783 425.7795116842553
1923 3902 4884 271.1711103981623
1924 3903 4902 180.1979139332908
1925 3908 368 371.32984110359286
1926 3914 1805 272.8475244977872
1927 3915 177 75.66063878166189
1928 3915 445 196.8608325275435
1929 3918 2669 305.33064530912276
1930 3922 2165 211.07129510696683
1931 3922 2570 404.93164033294096
1932 3922 3448 359.6313734260913
1933 3928 2988 75.86554299499106
1934 3933 3669 532.6093854544355
1935 3934 32 232.7111316701269
1936 3934 3128 431.65219422925617
1937 3938 2806 378.3413141838782
1938 3940 1060 183.31809019135073
1939 3941 3511 71.26856201318923
1940 3948 2223 239.1146292296718
1941 3952 3767 144.74960611189988
1942 3954 813 120.28020102669524
1943 3957 3328 548.9566663980564
1944 3957 4962 141.0640835796386
1945 3958 4816 141.14719442714284
1946 3959 1719 116.0812092703397
1947 3962 3811 109.57797301571479
1948 3964 3395 319.47839379986067
1949 3971 709 149.3400239143113
1950 3971 4307 418.19859485799736
1951 3972 3334 131.84301632730944
1952 3973 1097 105.03143627301101
1953 3974 2743 162.97500489860641
1954 3978 2198 522.3573329246782
1955 3978 2459 309.0389298897468
1956 3978 3459 626.2323116092283
1957 3979 2035 225.82957656857556
1958 3982 811 77.81722525319192
1959 3983 795 74.35730758179542
1960 3989 1715 265.98087815463293
1961 3991 1644 289.51850376581945
1962 3991 2484 142.4047097310733
1963 3992 1829 174.58193196071346
1964 3994 415 376.68420616161217
1965 3994 1674 390.37627032701846
1966 3995 2382 120.69927125501498
1967 3999 1928 222.6767582335564
1968 4001 2362 603.191938405955
1969 4004 2508 269.16681363543
1970 4005 1190 234.001161424491
1971 4007 1218 451.06007305472235
1972 4011 411 157.27616607126257
1973 4012 24 74.27843240378
1974 4017 2396 205.14782430673156
1975 4018 4756 157.32346937893087
1976 4019 1921 372.13069096416893
1977 4019 3857 270.9070412693192
1978 4020 1696 204.62586261079716
1979 4020 4873 311.14969785505946
1980 4022 4866 176.07323571068386
1981 4024 3397 400.4706381750462
1982 4024 3616 290.0762745157062
1983 4027 1418 493.9536113596201
1984 4030 3679 82.62776238629314
1985 4034 495 382.2508438545015
1986 4034 697 558.507731981365
1987 4035 1023 115.11338127157434
1988 4036 966 125.51297925193907
1989 4036 1205 80.00098728789929
1990 4036 3064 397.63600087939915
1991 4036 4315 92.82172149906675
1992 4037 2516 477.9227591145525
1993 4037 3043 515.3542433919023
1994 4038 3098 311.67040455561596
1995 4040 2875 111.7530796515266
1996 4043 4177 146.03859194103092
1997 4045 787 118.02266316619021
1998 4045 1789 280.18212225332996
1999 4046 2472 307.90722562675325
2000 4048 2153 488.8499952055163
2001 4049 487 186.80585427673927
2002 4051 216 448.6256168453397
2003 4054 4341 231.81302109175672
2004 4055 121 263.849736725842
2005 4055 1586 69.02843619834681
2006 4056 4604 173.6995831848691
2007 4058 643 355.8937240896966
2008 4059 4930 110.70506100109336
2009 4061 2818 497.75399751817616
2010 4063 3013 446.0120809156143
2011 4064 3393 377.92409860287705
2012 4065 4285 93.23299034314824
2013 4069 449 536.7743758857123
2014 4070 625 392.20130293687095
2015 4071 4961 155.20048981770313
2016 4072 1343 404.65565918734467
2017 4073 1896 158.24079446201702
2018 4075 4564 107.12482554130956
2019 4082 1152 194.18097395450815
2020 4084 3133 134.63445625614744
2021 4084 3568 152.4809069838683
2022 4086 1256 163.06234309844805
2023 4087 2144 169.38134845020522
2024 4089 1363 318.9239852550983
2025 4089 1849 548.4760785313541
2026 4090 727 149.44183466676654
2027 4091 3366 135.70370031527597
2028 4091 4468 193.17470694229394
2029 4092 2731 505.4201317919692
2030 4093 4596 195.81980401101407
2031 4097 538 324.1680994118586
2032 4097 819 364.3798468186796
2033 4102 17 84.63143803785623
2034 4102 1613 174.31051795820693
2035 4103 570 141.91403753314617
2036 4106 896 47.07366945898105
2037 4107 4652 99.18396196340765
2038 4110 4361 289.46515659364354
2039 4111 22 81.893192364383
2040 4113 2366 574.3400620397647
2041 4116 1761 297.4830771194449
2042 4119 4275 11.077376925418722
2043 4122 770 443.6313799328399
2044 4124 1875 337.94884363158855
2045 4127 3570 565.8179863231225
2046 4127 3842 548.8337350092664
2047 4127 4445 359.32474876034127
2048 4129 2067 549.7278295235476
2049 4130 1682 168.73128970001426
2050 4132 2411 107.4531526957795
2051 4133 1099 107.92347252570764
2052 4133 3396 29.348626541118232
2053 4133 4242 155.8086441809745
2054 4138 792 84.57979460436184
2055 4139 850 126.17746979691867
2056 4139 1170 227.9280230550857
2057 4142 2815 303.46284787923014
2058 4146 2569 461.22745600037877
2059 4149 2759 65.64330780062433
2060 4149 4556 75.51995431767153
2061 4152 3067 244.67650809776944
2062 4153 4722 249.48842411500058
2063 4157 3015 279.7459941899121
2064 4161 2579 405.37751547804055
2065 4162 974 185.22781349644717
2066 4162 3768 460.35988061002956
2067 4172 3347 129.18007386384582
2068 4173 2400 123.49238343400287
2069 4174 517 137.76586527288416
2070 4177 781 9.076994424357078
2071 4177 4043 146.03859194103092
2072 4179 1551 413.8025016828607
2073 4181 116 50.186001117683716
2074 4184 4614 131.85339194250173
2075 4187 3420 436.5898955486908
2076 4199 4245 238.52543450749533
2077 4200 2958 341.67768379626284
2078 4209 2663 199.06446659202834
2079 4214 2223 473.2652659168552
2080 4224 765 102.78323891882262
2081 4224 4518 415.3847006321877
2082 4225 1579 65.06963252584475
2083 4226 1740 250.07979373689872
2084 4228 4954 475.30071856711726
2085 4231 771 127.21265200670008
2086 4233 2331 370.00780783461875
2087 4235 1040 190.3466365602778
2088 4235 2384 187.09572077223805
2089 4242 4133 155.8086441809745
2090 4243 2664 59.51924816748275
2091 4244 130 461.50206059576743
2092 4245 4199 238.52543450749533
2093 4248 2066 80.97292757329863
2094 4252 1160 110.20477148947141
2095 4255 4656 59.00544644614451
2096 4261 3692 311.6991388816692
2097 4262 496 174.75762114608938
2098 4262 550 295.1323903934552
2099 4263 2374 78.23843366921135
2100 4265 1714 200.0070713609394
2101 4265 1820 413.1972198712294
2102 4267 1762 311.9907208155687
2103 4269 766 478.9962949773398
2104 4269 2129 243.43957231475
2105 4270 4574 237.31048412605006
2106 4273 4359 401.1112227808312
2107 4274 3519 268.8130975689684
2108 4275 4119 11.077376925418722
2109 4276 3517 314.6714117455247
2110 4277 1530 302.06637382376954
2111 4278 4487 424.83797711243005
2112 4279 162 124.54181021903953
2113 4282 373 346.4762689735372
2114 4283 2694 281.99041160385076
2115 4283 2939 191.93046955830795
2116 4285 4065 93.23299034314824
2117 4289 1208 182.37959249165476
2118 4299 2720 33.41802744811769
2119 4302 3657 619.438414235293
2120 4303 748 120.17390359434312
2121 4304 3529 405.19901732162094
2122 4307 3971 418.19859485799736
2123 4310 3099 150.20089169928755
2124 4315 4036 92.82172149906675
2125 4318 1423 148.56715788136205
2126 4320 3366 167.5435910131716
2127 4324 3258 310.3914050360596
2128 4325 4800 90.78739193805228
2129 4328 755 375.4177698523755
2130 4328 2792 249.9171153522762
2131 4328 3781 99.62882387992069
2132 4333 2433 502.8877990954178
2133 4337 3047 227.4556329316392
2134 4340 3342 408.93406555775806
2135 4341 1479 111.87678517978689
2136 4341 1549 235.19276247060353
2137 4341 4054 231.81302109175672
2138 4342 1917 158.0315700295363
2139 4343 1963 505.7156476066547
2140 4344 25 246.1547738964416
2141 4344 81 266.07751807130694
2142 4347 2702 469.9165484170441
2143 4348 1906 26.890017331473622
2144 4349 140 136.98658717804187
2145 4350 4652 260.5867469994283
2146 4351 371 139.21527349684987
2147 4355 3503 117.11527391400803
2148 4359 1208 165.63984218071838
2149 4359 4273 401.1112227808312
2150 4361 4110 289.46515659364354
2151 4363 604 279.7768210909727
2152 4363 2133 483.36661475780176
2153 4370 3801 89.36060752701468
2154 4371 4711 110.62159848405338
2155 4372 2818 544.1309373257279
2156 4373 881 147.65386536543605
2157 4374 3486 330.98862633159666
2158 4377 4625 445.2899533196424
2159 4378 1044 234.9929079559244
2160 4379 2162 369.417874029339
2161 4385 642 167.67066451049658
2162 4385 663 142.85764377101657
2163 4385 1671 389.4205328728774
2164 4386 2914 121.76302058489772
2165 4391 247 576.3329986642595
2166 4392 1954 230.17916323872765
2167 4392 4889 463.229567850316
2168 4393 3140 619.0440087368888
2169 4395 1891 479.1300876350167
2170 4396 492 163.90445026361422
2171 4396 4746 184.33482338519093
2172 4398 389 436.60672332742644
2173 4399 4791 99.46543121797309
2174 4402 321 175.74320959871642
2175 4405 748 354.0769515133575
2176 4406 2443 470.50447142821633
2177 4410 3743 84.81300930475675
2178 4412 4908 148.24114539777904
2179 4416 4515 75.05841484146488
2180 4418 3881 215.02603229639084
2181 4423 259 37.8727585564074
2182 4426 1728 148.05434819817575
2183 4427 3861 218.87734598139207
2184 4429 4931 505.1176502371126
2185 4430 1106 118.75215682939316
2186 4430 2479 97.66287701616177
2187 4432 1063 435.9664984260839
2188 4433 2436 227.80621846887655
2189 4441 1145 363.6612190138001
2190 4444 4604 144.13465778195956
2191 4445 730 448.63769683815093
2192 4445 4127 359.32474876034127
2193 4447 493 100.1989402121135
2194 4448 4996 143.5076518873463
2195 4449 4635 98.17193855389458
2196 4450 3475 292.3185508469314
2197 4455 2588 214.9137670123945
2198 4455 3358 287.13505854887177
2199 4456 1219 441.3234477872995
2200 4458 2349 412.2234292205426
2201 4459 3272 304.10565118622026
2202 4461 4796 469.76901563592025
2203 4463 2996 392.7171153659201
2204 4464 4714 427.26691883221656
2205 4466 3510 348.2307113071983
2206 4468 655 168.91721145688896
2207 4468 4091 193.17470694229394
2208 4469 2687 230.72667991852288
2209 4470 4846 111.38567922992955
2210 4471 673 375.73731149456324
2211 4474 2532 244.58296233967405
2212 4475 653 617.2186104173765
2213 4476 1212 509.64963954164756
2214 4479 3800 293.1969607131424
2215 4484 1389 404.99744124930686
2216 4487 4278 424.83797711243005
2217 4488 1206 587.2579998902734
2218 4490 251 152.90416110274612
2219 4492 3209 109.63490706548885
2220 4495 2738 286.9369872136404
2221 4498 3018 375.87668944079206
2222 4499 3349 401.51327749641143
2223 4504 3259 194.71835189610198
2224 4508 4617 379.3386025334758
2225 4512 2925 157.28703357034416
2226 4512 3798 233.32366928059136
2227 4513 329 139.37894379539213
2228 4514 4652 340.1428113807995
2229 4515 2543 312.1752208705095
2230 4515 4416 75.05841484146488
2231 4516 1212 462.7238141482439
2232 4516 2723 252.31983849703846
2233 4518 109 126.93684081018935
2234 4518 1864 170.55279998493046
2235 4518 4224 415.3847006321877
2236 4519 3639 263.99634284390913
2237 4520 3495 269.2135338375948
2238 4524 4822 289.39301215607844
2239 4529 1641 539.5053574689047
2240 4529 3747 374.16445011030964
2241 4532 547 429.4549334039105
2242 4532 1895 255.90679169294467
2243 4538 3331 162.8438357088861
2244 4543 1867 47.69230638642829
2245 4543 2847 133.3608069423317
2246 4552 445 372.35094841178073
2247 4555 944 297.52310131085534
2248 4555 1258 168.53344252446996
2249 4556 4149 75.51995431767153
2250 4557 1454 129.905965844441
2251 4559 4637 37.50176139065901
2252 4560 91 71.92931002428897
2253 4560 1869 209.56040580855498
2254 4562 1507 145.75504418956984
2255 4563 4788 360.17500526794396
2256 4564 126 211.88544759844098
2257 4564 4075 107.12482554130956
2258 4566 4937 290.0481482751063
2259 4574 3012 323.8307054293096
2260 4574 4270 237.31048412605006
2261 4577 3420 253.65266595960952
2262 4580 3791 142.34606604511316
2263 4582 594 158.73340007817617
2264 4585 581 93.24326166980151
2265 4585 2142 106.48323380490538
2266 4587 1291 202.96023200087745
2267 4588 3569 132.67264727065788
2268 4589 1554 388.8017081354596
2269 4592 3800 330.6592496450832
2270 4596 4093 195.81980401101407
2271 4600 323 215.19013042829982
2272 4604 4056 173.6995831848691
2273 4604 4444 144.13465778195956
2274 4605 2305 227.5688601501067
2275 4606 1598 170.74419828605474
2276 4606 3046 197.236474787952
2277 4613 1408 165.51738564446194
2278 4614 4184 131.85339194250173
2279 4615 97 469.9528716014882
2280 4616 2871 148.49430455752676
2281 4617 4508 379.3386025334758
2282 4617 4954 27.4935766264495
2283 4620 1293 529.0525095770757
2284 4625 4377 445.2899533196424
2285 4629 4826 280.5177527778575
2286 4634 2425 367.2628688988404
2287 4635 1519 91.56551438586126
2288 4635 4449 98.17193855389458
2289 4635 4978 471.4950765197246
2290 4636 3519 265.64053065836464
2291 4637 3285 345.2620477204044
2292 4637 4559 37.50176139065901
2293 4638 1795 116.28321199521072
2294 4642 856 538.5451353676117
2295 4643 4782 374.51151176869575
2296 4647 748 267.60182832824034
2297 4648 2849 78.21163950108932
2298 4648 3511 389.7164875399275
2299 4649 492 97.62544409117872
2300 4649 1773 143.55812301847922
2301 4650 4919 339.7686571941336
2302 4652 4107 99.18396196340765
2303 4652 4350 260.5867469994283
2304 4652 4514 340.1428113807995
2305 4654 779 551.6250938474858
2306 4656 4255 59.00544644614451
2307 4657 2010 285.22086706047844
2308 4663 511 389.9648036828923
2309 4665 2811 496.1607816890946
2310 4669 3679 553.3302323301218
2311 4671 2410 315.19566495586014
2312 4672 300 304.4916585793954
2313 4673 2584 160.97441667303178
2314 4673 3570 364.0388254513073
2315 4674 2188 478.7214709534511
2316 4676 3395 167.18537771866312
2317 4678 2834 638.5931319296619
2318 4681 113 129.82449356245496
2319 4681 1015 200.58456005143904
2320 4681 2586 45.50931511064019
2321 4683 1181 178.53569657553848
2322 4683 3115 247.22767811179233
2323 4697 3489 216.6588255046128
2324 4698 4878 174.46793034365365
2325 4701 50 267.9049838592067
2326 4704 2744 188.67961383459493
2327 4710 2931 463.88619435866184
2328 4711 4371 110.62159848405338
2329 4712 3850 246.54649489718017
2330 4713 3765 79.27468112095657
2331 4714 3171 361.4286283033757
2332 4714 4464 427.26691883221656
2333 4716 141 33.27136099048066
2334 4716 3588 237.23046980465105
2335 4717 988 78.72415699579281
2336 4719 1830 104.19319290036654
2337 4722 4153 249.48842411500058
2338 4727 2511 259.5945686861391
2339 4728 2191 79.69230090364456
2340 4729 3194 469.5935874868598
2341 4735 715 180.2000337049338
2342 4737 3815 265.52192981979334
2343 4739 772 418.1122681701658
2344 4741 3702 314.96108972506437
2345 4744 351 498.27184775541866
2346 4744 2049 260.81028315654066
2347 4746 184 251.11113936875233
2348 4746 2694 621.2836722358276
2349 4746 2979 663.7538076360506
2350 4746 4396 184.33482338519093
2351 4747 704 171.8506197214884
2352 4752 2951 147.78216436513137
2353 4753 1466 193.86308064043087
2354 4756 862 127.29603955799514
2355 4756 4018 157.32346937893087
2356 4758 1997 121.67955497394881
2357 4761 3211 119.53439840347822
2358 4763 3037 238.17936847579085
2359 4765 1709 455.3040041361863
2360 4769 1 122.2034012613101
2361 4769 898 300.36773036600005
2362 4772 318 95.74352186642051
2363 4772 2618 154.95449351332698
2364 4774 1182 241.55179213436364
2365 4779 898 313.6214590108498
2366 4779 3724 613.5136143622126
2367 4782 2019 83.87268436396204
2368 4782 4643 374.51151176869575
2369 4783 3902 425.7795116842553
2370 4784 812 520.1440298874738
2371 4784 1935 370.83237953991204
2372 4785 2645 247.8745070622577
2373 4785 3318 233.95642724570683
2374 4787 734 135.4385414219007
2375 4787 2931 56.2770972754602
2376 4788 4563 360.17500526794396
2377 4791 4399 99.46543121797309
2378 4795 2967 80.48306460310111
2379 4795 3697 432.97513400827773
2380 4796 4461 469.76901563592025
2381 4799 2784 415.1750392389348
2382 4799 3879 139.2492147007395
2383 4800 4325 90.78739193805228
2384 4802 870 666.8282360783263
2385 4805 183 324.17623147503394
2386 4806 2062 270.58001914797853
2387 4808 382 281.72418796648935
2388 4808 3122 66.96038188708629
2389 4813 2242 245.30541579499032
2390 4816 758 122.02602339588057
2391 4816 3958 141.14719442714284
2392 4821 3502 297.9134625677355
2393 4822 4524 289.39301215607844
2394 4824 1878 604.78512547587
2395 4826 4629 280.5177527778575
2396 4829 2555 242.63447360544168
2397 4831 1915 400.32660709660973
2398 4831 2175 177.44864248458072
2399 4832 1905 323.8767937038163
2400 4833 688 284.5574966627189
2401 4837 2105 407.86120506185847
2402 4837 4904 195.46825135008615
2403 4846 375 318.9992271939376
2404 4846 4470 111.38567922992955
2405 4851 1207 294.15953959418874
2406 4851 1368 488.51704645699994
2407 4855 37 99.30010011482021
2408 4855 1647 331.05309035949887
2409 4860 317 257.67570081707186
2410 4861 1761 108.03191960707471
2411 4866 4022 176.07323571068386
2412 4870 3397 225.69034733256208
2413 4873 4020 311.14969785505946
2414 4875 1432 80.82287398799541
2415 4878 4698 174.46793034365365
2416 4881 2417 120.63621826354434
2417 4882 1887 165.3145093956414
2418 4884 3902 271.1711103981623
2419 4885 4973 360.48956646116966
2420 4889 2419 476.48401980181745
2421 4889 2448 221.8298424003898
2422 4889 4392 463.229567850316
2423 4896 2882 146.58084437492965
2424 4897 3468 205.7483931492477
2425 4899 884 302.58525426186486
2426 4901 623 201.461536367259
2427 4901 888 271.7996989756234
2428 4902 2403 185.31909551929857
2429 4902 3903 180.1979139332908
2430 4904 1114 403.3546090590257
2431 4904 1886 201.07592445652566
2432 4904 4837 195.46825135008615
2433 4908 4412 148.24114539777904
2434 4912 935 296.87303678667405
2435 4914 1702 577.0148816953771
2436 4914 3531 640.2635869966716
2437 4915 1891 300.42250032577056
2438 4918 3378 54.378886481920986
2439 4919 4650 339.7686571941336
2440 4922 2355 326.0585170791792
2441 4924 202 155.04383746122272
2442 4925 357 442.348471444547
2443 4926 2410 274.8553626010071
2444 4929 1420 88.11897886905707
2445 4930 4059 110.70506100109336
2446 4931 4429 505.1176502371126
2447 4932 2206 124.59997863828943
2448 4932 2617 461.6909395808104
2449 4933 539 354.7075748395478
2450 4933 3008 76.53895387592257
2451 4937 4566 290.0481482751063
2452 4942 2478 341.9975156822281
2453 4943 767 135.0938410439012
2454 4943 1452 369.0836571232892
2455 4945 352 282.1470064584717
2456 4946 2577 320.27958298638623
2457 4948 1482 550.9529681357633
2458 4949 3617 120.06684156877597
2459 4954 4228 475.30071856711726
2460 4954 4617 27.4935766264495
2461 4960 728 103.72842102692508
2462 4961 4071 155.20048981770313
2463 4962 2098 154.1473582476765
2464 4962 3957 141.0640835796386
2465 4963 1985 524.395361757499
2466 4964 47 280.10238980262386
2467 4964 469 295.9455594161824
2468 4964 540 249.30583510651695
2469 4964 2018 134.54112412723094
2470 4965 188 343.0533409817089
2471 4965 2201 17.37391257644296
2472 4968 519 361.78157336678134
2473 4972 406 128.6162222077708
2474 4973 246 450.94619425596125
2475 4973 1705 163.8391209600174
2476 4973 4885 360.48956646116966
2477 4977 1979 281.44757846202975
2478 4978 1954 196.0198121755781
2479 4978 4635 471.4950765197246
2480 4979 854 470.4510541978267
2481 4979 1374 202.77160605854257
2482 4981 3128 67.63631916077921
2483 4982 388 124.68250828448575
2484 4983 1260 189.85233160312197
2485 4984 554 349.378138052049
2486 4984 3557 93.00210627174395
2487 4986 1239 370.14093120331495
2488 4990 3748 83.0521323037924
2489 4996 4448 143.5076518873463
2490 4999 3195 351.71261274484647
