1 167.25003492533364 267.86555051508594
2 236.32833001072697 486.77233317760687
3 234.01993116033918 326.44940102915984
4 199.85421078604452 419.35866840507197
5 18.81561930404755 268.2834282867963
6 122.95643792197536 313.39322223617773
7 13.520945204231893 276.65004150648974
8 69.99184681161438 224.8563775085825
9 72.93595411327132 260.0562265381284
10 27.066264003652787 419.7913467789354
11 135.98939407548426 441.97100788148606
12 35.317368367833076 282.9173515668983
13 183.55512131273647 506.14417551038264
14 171.4756382395425 69.7537624562793
15 46.606352905336564 322.54691757751925
16 254.16334543666633 29.639691722851232
17 205.54399927553828 517.866220435585
18 132.51181476426305 272.1441157852
19 83.88337913008064 58.41494014425719
20 164.64668756118374 548.4535584928225
21 206.24967508194914 305.08669713752073
22 60.96062571723145 102.64166916326849
23 134.3596247436723 242.57486100351832
24 58.731722338256596 269.2196982841826
25 235.77126408965486 575.7668382360429
26 208.72044453959148 145.817280388572
27 5.822622051828176 551.672066765506
28 0.5914925021595606 105.61224143465599
29 159.86502896842345 140.18967283426775
30 175.08227488701772 412.68663449542083
31 11.335678968780872 386.9700901942927
32 89.55691684764517 600.4864415149264
33 123.24243715913387 472.9079209544482
34 116.7495548859904 294.0707415138929
35 64.77200862074154 8.799333238376823
36 1.1535267337301838 538.5453678673186
37 231.335643080446 192.01437426616707
38 98.92129108330454 362.2389924645347
39 250.4047690465808 191.91255696526636
40 146.13072024462318 560.7894131171892
41 146.01585874446968 43.09445277634327
42 214.71783333729064 516.1550805555904
43 17.756201581676745 404.1205190537886
44 209.71104583789625 275.2795624054017
45 120.94278012170399 235.94812538430494
46 76.98879618500679 55.71221253069754
47 113.75205221531415 523.8995293973119
48 93.12433691409662 602.3089101812726
49 212.65173281012576 87.13091328351524
50 182.06068936062996 560.8641874981073
51 188.56190841878956 326.43303600904335
52 169.15109583268367 152.35107146628593
53 87.10989977012079 350.48439377920397
54 45.52872268155275 449.9798560421885
55 146.5503901641758 234.59184206696506
56 126.25482256811871 109.4166308074111
57 117.22719755966081 262.29727920583474
58 79.9166448228862 19.735991089645346
59 94.54826014049371 298.8519862657943
60 82.28809173003206 37.60010507230777
61 188.12400754728125 317.57794817486854
62 198.48077810519135 67.96505935532524
63 189.60797526897792 598.8173139224647
64 49.30460949712529 602.6361948289924
65 98.68866276352394 69.5424299244922
66 199.15354308223039 444.438048054346
67 219.60660662401622 334.1835164397415
68 25.52133918986254 183.8087572503993
69 147.49918432694264 449.6114768456598
70 149.50041681129653 165.0822645827629
71 91.13880232156431 316.99751936295365
72 244.45399820813873 456.5191799124272
73 44.15688580219573 203.85835367754572
74 79.20030964490964 269.37782524596565
75 164.0094070615114 360.1378458877155
76 153.33506990145133 324.9219662243085
77 226.14777819974017 500.7622793272296
78 138.526916928063 422.1228072142988
79 180.05244176671226 223.75652440056476
80 121.10404413550978 273.194804995151
81 18.344498300441316 317.9483665151672
82 146.17533937019869 465.9458753427062
83 195.85238810831538 172.16980282812042
84 233.25634461610528 464.73781337871515
85 163.75580225523447 4.980600151506588
86 68.07712057907071 52.61845721018405
87 95.82222054642338 383.97745653558644
88 46.11891196733597 377.5099046249032
89 203.2576307776738 187.45030839735088
90 222.82631166137858 571.2842774028322
91 201.16092383506557 433.1345179286015
92 171.65545848791572 15.855519824759286
93 148.7412280019146 344.4170783911283
94 73.19968356961012 374.7963701009771
95 189.7543704468068 210.6174404464078
96 241.67104456442308 460.3946247951531
97 120.45967358227048 327.82824540860827
98 146.87910120820862 587.289051414603
99 247.48316312120792 162.1963225160662
100 125.44805759553886 454.11748862391244
101 112.8602597189037 344.6887251308122
102 198.3739281266349 36.839876420399605
103 5.61667091645669 85.09354867739475
104 99.18032803418453 458.94131025975923
105 73.50081706274105 543.745164281702
106 71.07976748489438 546.2362034446612
107 78.8101279051707 131.95156080967075
108 71.97698588079857 246.5604291361888
109 32.621316840768344 285.01744397011674
110 75.40652075862853 214.18867942720723
111 97.99940346255 530.3531604733046
112 80.61944525779457 546.3346833619144
113 84.80321537491379 360.8038003304181
114 61.763939546761165 477.5679772687797
115 223.9825284246527 324.10539601692113
116 242.01475640421063 586.9588565441245
117 88.0097539396494 42.88190930813376
118 7.266789200891568 29.44551740972333
119 163.70443741126508 455.8159528062307
120 204.25637958513963 535.4707519425265
121 30.936741921121346 428.1427427922601
122 145.45069217291584 472.00216468177166
123 248.31805569768906 254.98805519557197
124 244.61446984474733 366.50330690466404
125 39.91376467333492 184.46834691847047
126 9.369614882537448 121.29764510873457
127 255.42283700592327 247.09864717663442
128 95.98794982944405 215.45159793353872
129 82.23207248460092 334.3267883524297
130 164.85138636838084 539.1268377100706
131 151.3881210145871 44.04851331070574
132 76.85644595473896 129.0464287567736
133 252.96754359140743 228.00883063619057
134 1.3531095299576987 82.093967119416
135 96.54713154943198 281.56222837572346
136 223.09869310477964 317.11853663054944
137 41.79028209360105 432.46707450008034
138 82.90295172889823 562.3179946224968
139 185.23398961294416 98.46377990747314
140 80.88708488619497 122.88264641837448
141 148.98912306580735 460.59348323619855
142 255.29799848401566 398.38773962982395
143 201.05315568446449 34.91787460537583
144 95.62260032020916 157.7371393990115
145 10.604858218918794 78.63526185451249
146 96.21619787416083 47.14277272467085
147 242.51935509971096 325.37570267225516
148 231.4156304261084 44.9973250462724
149 93.94195027613306 320.19527301797984
150 184.56015260987695 83.15954047425396
151 72.74139175795246 513.4285098767684
152 204.56807146551296 168.44476202688625
153 207.52408265009547 487.1825344450405
154 174.77339917090623 397.78499397725903
155 219.56016858580878 390.9428922408038
156 158.6095882037056 173.94792745344412
157 204.60361212909004 331.16860592105013
158 198.92643581953746 26.3556030590704
159 253.0982194689295 592.7456677097904
160 161.41433760792165 493.1749255546604
161 71.77548114020134 353.30338006888604
162 177.37221453547502 302.5326781297619
163 204.7347178398352 114.69505713522537
164 34.11084434279892 549.1654309625872
165 34.32037118784113 604.9607668884714
166 112.27720376468949 214.08174793719834
167 171.29765549815536 328.3911373423447
168 63.5835678773465 216.62029416119194
169 96.54369747642176 346.2282058541016
170 159.65032356799603 331.7115151114217
171 109.1082159079309 303.0275757625831
172 148.90010955328844 323.5380129216121
173 31.900875514679708 463.5974932487826
174 105.68457191997327 235.4132863946254
175 98.2668934341345 603.5733674312615
176 104.73473463132065 563.4456467892167
177 135.2287845497626 369.6608335061928
178 236.08121777400171 37.005411697253095
179 144.2127854870878 71.94929114597645
180 77.0631010485542 23.813952022484628
181 47.938810698009554 97.45517391301378
182 31.12380561400106 342.2839398524475
183 180.1112087527188 25.850749783990924
184 90.2638828756564 219.0913660486591
185 183.31404206315128 223.77093547695915
186 123.66310860563075 9.498907739343615
187 231.15439131666935 78.04429211907379
188 107.61813610041239 338.2376108856438
189 125.16230246623327 307.43299509490384
190 248.84534132923247 327.9170362094571
191 254.83336432827798 314.6270545271524
192 7.507861924010121 90.9007245918054
193 187.35228402449258 326.52982521543635
194 27.685533689468244 85.15585406964342
195 1.4313933090110138 415.66239146789803
196 218.6950882102567 165.95538366597629
197 124.3188350364276 27.68756782398815
198 39.02859348731276 173.68540887544557
199 69.1817835363267 430.04564741771657
200 245.71070152443798 190.83765254603728
201 30.567472202781428 367.5273574436725
202 187.4139303332117 78.3205228322579
203 28.074110374889614 168.59948273409537
204 42.55689887800601 308.7777341630573
205 101.42412912662589 440.2156089250958
206 101.53426825837073 337.5381981359445
207 23.349292810585446 408.06549113584856
208 60.81170810157256 489.45461640202
209 78.237517002745 451.83161965037397
210 231.18914294053707 308.7042212139603
211 72.28297969220333 135.45471901878514
212 204.62921423337605 347.9625834758737
213 31.43413902133648 185.57561318334527
214 75.50052239171639 164.80714064613218
215 16.80656530843296 13.684625693004616
216 32.540650964969835 575.874306575723
217 111.58593546101541 176.32979699481308
218 1.3266055703957695 402.67019358199383
219 93.05046430309416 525.0540255101563
220 55.38435675141715 555.6798768112706
221 27.837226673489123 203.83190029667836
222 147.037689973044 194.30377850753777
223 99.20514232691431 415.92196032444224
224 211.89679287796835 250.64731431611153
225 98.67363547363644 196.11177409823853
226 188.4304545981028 318.70350943116694
227 60.388080221443616 2.525971611847737
228 97.00279011056732 29.871839268131588
229 164.1132222611601 279.31251003406885
230 231.2047527965977 156.09679177863202
231 244.19026349740244 73.27164220150141
232 217.38465822146895 139.97319550110666
233 120.13093167150107 507.98521431531634
234 92.96288244090377 254.8541148685364
235 232.54305970883593 35.91644653240581
236 36.5574494483429 471.4692677954576
237 24.78130247996099 354.19056168948873
238 176.75883107492146 256.90531205248925
239 140.17670879315284 325.3391729053029
240 130.50946554380675 204.4232839536399
241 88.33930470460028 8.683598467292697
242 49.6604549773247 349.6654418266777
243 236.82012644807617 262.98317040782854
244 1.3128271259704258 108.25487853898538
245 157.30887886940815 230.30295234892162
246 99.6243848724982 587.8718509344698
247 147.58484355726208 333.5513632745998
248 19.260051230443565 92.05146270650492
249 154.11619451673124 62.30418828840754
250 212.87425363410046 480.4259129650183
251 147.05567497002326 373.878759145785
252 190.42871930367122 553.1811013746805
253 188.28380576935314 393.7433773320728
254 206.47269443699008 173.9019950254251
255 229.48934961713306 512.6981952038367
256 5.407591191573809 424.3810332736158
257 140.51818534107065 227.31593104027945
258 173.10016563101888 462.5807436041405
259 109.25326031875265 306.1118547146744
260 112.56553905342604 163.28564282873162
261 117.6665609296072 12.342902966284115
262 236.13341748464646 222.13234939211753
263 48.728083291161774 172.9473508115921
264 237.0108219656734 457.7057029176163
265 175.03472142520175 423.4967621955541
266 43.308792274060025 346.46679328418594
267 175.7649222259631 270.97339098747744
268 91.55117814003202 333.0615233496033
269 65.41224317192506 309.6489693371164
270 179.22300654661123 327.54184748640324
271 103.7491632644432 6.641633209024206
272 127.51814289865744 323.3158211000169
273 93.45650036519125 119.83974167118112
274 77.47139324647624 507.5327939506258
275 220.29661805983272 307.59064812586314
276 58.955414533483726 111.44964418340325
277 130.84712072776207 250.39298960405023
278 104.71761898299447 93.04089682112712
279 199.26134698237675 0.9187324588088616
280 54.514028785135025 250.7138354345104
281 42.134370524256205 316.339427899773
282 226.22271892741193 10.858038593479783
283 61.45946744466424 276.12132670444737
284 103.83815488533328 107.23638766323035
285 237.07771142351018 33.15582548368327
286 242.9676728081277 391.12741792239626
287 232.84154243636772 372.08920341281726
288 26.06826471502539 116.03066264431592
289 107.3566696556144 116.04763020470236
290 12.826383743580584 238.2301868606742
291 178.0326671029286 593.925079140354
292 97.51182293171902 187.1476594947731
293 88.1543602517798 540.5711191349013
294 175.65698273099207 317.223051991045
295 104.45215917945441 356.5363435918482
296 40.39813208150653 227.15539587973342
297 121.34196755248138 344.733470595006
298 134.3836744540979 105.09804051747834
299 78.33435683862608 372.50073954180067
300 53.702440932429816 385.5993670889387
301 133.0425934911494 266.25371454707505
302 70.30998994581091 468.9995351263828
303 153.8090706668687 23.374246723855954
304 223.01509040224929 3.3666528950593975
305 28.01293043968856 545.4630102180025
306 40.80049203328416 186.1327138270559
307 71.18579509328724 551.1252001595076
308 74.61238803331386 468.5431417217779
309 87.91102594148921 352.76331116535226
310 255.4122547075507 94.36079696945829
311 209.77180489525546 551.3026133444088
312 102.74648886996621 322.3765075651966
313 169.94183721654193 590.083766206071
314 48.879360224045946 253.6882090117084
315 180.09595464661524 177.53373357418184
316 10.60671734959845 278.2690686607345
317 253.33356877491462 421.86958964075023
318 30.19736143684448 565.4152349636684
319 189.35956822935947 235.12138037303407
320 219.67972179312696 115.82693825068753
321 91.52688790850596 527.0278213887177
322 200.50098789253695 255.79670967388776
323 160.04529289133907 116.00148917320477
324 238.46388379971876 555.3283498945161
325 134.36443071358912 85.15321417712549
326 179.3665864895379 290.4041310181376
327 75.1207959255903 502.26449979588546
328 62.09967925551951 278.2481102842354
329 73.22182235241533 184.62076902604628
330 79.71783088702837 176.13708303010267
331 233.70299419344124 510.14146442973265
332 109.69973157853502 287.6888126969515
333 110.97117580547263 362.03125285620456
334 124.48686452157116 205.34442403090156
335 164.90964173920472 366.8952339720528
336 123.45518095877614 1.44446841920172
337 160.221242452296 49.08355361852069
338 227.3691918067323 295.16366106767106
339 120.3617170250817 204.02961130720914
340 71.89374910412113 6.084136416548283
341 155.89680712537663 447.64573317032756
342 57.540445880015575 95.95272251937793
343 189.12838710350917 286.3456796405902
344 32.874972139884726 422.34277206032556
345 134.092640666961 75.01564811809097
346 172.06392325897338 333.2083391751004
347 61.524764382882424 248.51924940606804
348 182.86966666163767 391.246301610296
349 70.2171656339812 464.92531250587507
350 10.14689623405708 30.209833158196137
351 233.03951941343584 531.8664240282594
352 39.38122537221854 88.59302910587535
353 44.1896530122726 378.24603856615636
354 102.23496810783651 210.09265868060578
355 139.21073614045386 250.7596683825864
356 254.32800721361735 142.9081219148192
357 87.09660905007739 174.18485030397417
358 73.28000976035788 520.9798608428955
359 15.656172239598847 454.27239515527305
360 102.31542581612523 168.33080065272915
361 149.3492692423781 468.84024821702695
362 176.33664894551492 294.38802766418814
363 58.24786705270749 24.25368776485292
364 219.9898068624285 98.8365966711181
365 183.3573284664385 20.849106986865536
366 107.09494032347389 507.1713502625773
367 229.1460324995393 163.67203983441712
368 36.46765399946906 262.3427446029011
369 142.15131253921678 366.4752415287124
370 153.34455569285302 230.81163152190672
371 31.167573592061412 158.8681482888146
372 89.64195513994662 538.8877760848924
373 14.690735218913689 571.4135824859735
374 90.36264669861006 141.70176841153716
375 191.26325338179115 65.71840171222817
376 73.29987997874666 314.34428840626384
377 82.45599996020243 255.97045818982096
378 237.61125339536827 295.6448031248376
379 83.53733406518202 599.2848681229138
380 127.69376965835832 485.36832122836
381 113.12039551194106 33.80551861464525
382 215.45837648070145 182.654214963826
383 112.73176327197169 381.24408986778263
384 177.87860377272668 415.75887927720373
385 102.61616526931934 202.16194768684912
386 200.47420532594478 114.93744113036382
387 206.44897209598474 574.1040673542432
388 106.74756062486074 518.8912364712736
389 131.89394529245843 496.4548458171846
390 90.29471878944028 114.48876755910761
391 188.54415710527783 345.44261890839823
392 37.34527838461481 24.185999710956757
393 33.86108032973142 227.95741323451765
394 227.10714624631868 518.4095366419222
395 206.6652778788843 179.4374719248392
396 62.89932762775236 298.44003967649576
397 140.73310359225945 98.26777304645535
398 240.24656380291844 164.5445836802149
399 217.11132084900657 428.8080877149307
400 104.09018364389942 545.4444102700395
401 103.34897491159751 451.73427475094775
402 40.123690007280516 325.43945576629045
403 148.47818165576152 274.7794558476334
404 126.05359473637336 204.60187129433683
405 245.73162873796056 601.7340571118003
406 162.58278197697155 226.5719577207393
407 130.4283317347548 591.5720422876176
408 245.138599756756 37.20574665738463
409 19.72850116882639 372.5688366049196
410 3.8681090323030403 520.4734383213031
411 237.7815089808639 387.3187841369101
412 63.86170916173008 117.70853268758657
413 194.28584827894707 289.26191325437554
414 213.5524982433942 248.85568845349016
415 30.315843113245002 344.54885454043045
416 212.5718062025328 391.3265253444221
417 151.1440042012988 37.83323562478455
418 250.0145997703888 322.1473409636955
419 20.636352235073584 397.60208908988824
420 199.66843606785275 496.12188323971685
421 114.55487771262656 439.62203413226933
422 47.97812776435705 567.7426596246871
423 113.90268306547804 312.55217042372493
424 19.154515337224975 561.0216073018981
425 69.97455348758623 358.62333994341986
426 251.1910090436329 34.154866218054956
427 89.37647255039333 233.63801972330043
428 0.5317254751324969 589.4271576387168
429 218.17822532280894 165.99365284971574
430 125.17162833288485 59.711670323512955
431 105.18388434678485 135.1460068777707
432 91.44677135896106 443.71160788584297
433 211.79201368489822 446.1555991086082
434 247.5678314485993 43.55204412219863
435 37.88083129742442 307.9787941849062
436 82.80104394464198 167.12031070914819
437 104.86032914977407 580.3955432086941
438 22.801255086215768 315.5960305690429
439 108.48266191436974 300.66640052565253
440 50.903348006128596 531.5096129750195
441 134.72147132185276 172.7434695615925
442 56.14623806217392 524.0595480763418
443 201.60513744073057 570.9171827345062
444 99.6623809321365 205.22801647146116
445 95.5379857918872 358.09343965611697
446 72.52540584621883 341.2500681000488
447 201.6564700998067 317.5777595274181
448 82.33930806389027 63.88447448346042
449 148.46445684079086 361.41766651135407
450 243.8989262299524 325.17564801524827
451 157.66810874359706 306.66104763593114
452 46.24181992303926 403.99805926118273
453 123.86438561251532 20.71757365347366
454 59.02069811014395 318.74272170330676
455 173.98806377785974 211.42484676799194
456 164.0516794641201 63.08646663848019
457 54.61212585136302 300.3526869236703
458 172.72244682397408 212.33605840968096
459 243.36531341172994 191.67241046428538
460 1.1136904434875996 524.9213167323295
461 145.38846691131494 50.056075932889456
462 219.00199093407815 147.71902677589424
463 47.37093826177869 182.14407348711075
464 97.20079577143198 10.350520591384193
465 234.84612806339837 178.0356061391148
466 196.34885381169855 431.48568514521605
467 90.18158814812006 234.58519299756793
468 220.0417410698516 381.84878747677084
469 148.6011641631166 428.46000266711525
470 69.96802441236218 362.86535075465923
471 231.2922041341524 548.5960757567145
472 206.72941545132454 12.536722089135099
473 105.87314954286124 235.5663066957834
474 218.1812736527881 193.9976037180614
475 176.23099477634744 585.9622882133588
476 177.01256895453605 5.390932580841954
477 151.01426423247037 86.67300599410548
478 49.82655788484395 262.2418130344675
479 162.11574386989895 461.13252180596226
480 31.659790045994406 255.59757487508202
481 199.46610907271236 585.9758186486252
482 102.09469245997647 601.1270723177836
483 138.7516010991444 52.655975536085414
484 1.0523465933223595 284.43677773941425
485 52.54997734705825 208.97208370141632
486 219.91376643932801 234.74305297933606
487 152.37583249709195 547.4333805350088
488 241.3664592091472 479.4088139690573
489 76.57632446096561 181.37563789000106
490 20.373673057976823 373.6897669883497
491 105.02774322926194 520.3820056206033
492 94.00440393772975 134.90601513999417
493 240.2943878001222 153.63450792184966
494 246.23040612110634 83.07659515284703
495 191.7083290612136 72.65427685419152
496 242.23287106927484 385.4759909716787
497 121.99610035519206 93.17431619802936
498 100.17747114750428 490.3487014722401
499 60.58610522608144 573.4488047273564
500 78.76467815867791 222.36955382184118
501 7.011388845600119 269.0902448606565
502 20.285300797645544 330.5196856099941
503 169.68579283444515 463.5439083388456
504 32.058898024737324 66.00481751442487
505 194.8674317385715 471.0512617742021
506 7.142012851973793 415.7758905241123
507 192.2689735101884 491.7742429166638
508 15.57861691821415 173.52882997953577
509 41.7897742486503 363.77477524944175
510 25.49283345191761 130.868672979097
511 115.61562656348697 308.4971187276688
512 43.846232931149395 150.4974037024635
513 116.19082604445974 599.6480793583136
514 126.50339494851461 199.04816832000074
515 34.912618401137394 91.10665490058486
516 182.46462805586907 518.5388498000592
517 180.01282408150212 210.2686492758871
518 44.183662196548944 592.866288685856
519 72.13565845934468 367.6272654083852
520 128.45894062958214 150.68772891802774
521 77.50572763887855 533.7902620949548
522 126.92037833937026 238.66642919856938
523 125.56565277570782 40.76023817630855
524 58.373477064655994 552.8895199307021
525 203.68595473007053 564.5361897408554
526 164.60733550376665 454.09740038574785
527 241.2165224335966 58.774243746958824
528 102.87496464625798 169.05222217809438
529 76.68934924950665 362.35287278683165
530 143.5935499419672 233.38559627595626
531 162.31836762528508 278.2786848482358
532 213.01861557833237 322.4558262951252
533 243.63130864507644 142.7023323243633
534 128.54815880102657 207.73707641030106
535 253.07387756458743 307.4825998976185
536 203.64407621205143 197.98458200651683
537 41.258480288994356 442.9815025580053
538 110.41480666886072 53.39198436872373
539 181.55965185859074 78.58863778117811
540 78.67326446293296 351.13087160077714
541 144.93972639988462 405.0271518627662
542 212.60156291758352 401.79156771138753
543 240.1501786693138 303.6147557023222
544 40.611367895290144 351.8463954955479
545 0.564901148858566 480.8069782196144
546 178.7508272889116 404.96631119600613
547 27.951390232245824 81.48027282390676
548 161.30114271468452 22.554057067938277
549 222.39617875360048 220.66956616541685
550 194.61990701188233 491.4184867222796
551 12.231132758065131 14.25949221603976
552 10.285076728697343 512.7065407771638
553 179.1623427651647 185.6903217814911
554 51.58821045346853 554.0951471226764
555 54.723940491565926 504.50397407210664
556 133.65392812373713 388.8455681821858
557 212.83126739702962 162.67358666502275
558 109.26265352447938 371.18799254980814
559 36.63173704602958 249.3247327178404
560 187.69478337682713 301.28147733323505
561 117.29191403325471 596.4859210660562
562 170.6439599045449 97.29206665331404
563 116.68909625200817 98.84441210626584
564 90.48341635070084 164.36217377109878
565 128.33370908775387 329.7928796734751
566 110.49108528204619 29.723681617151424
567 8.6293462394788 583.652234819096
568 145.23118793843148 284.58892699627205
569 11.533243750372808 299.4115343012252
570 30.73113461929396 222.06672087826598
571 49.017869847528786 405.73352529631404
572 240.15834842665228 400.1835365120298
573 72.72030105856172 506.4393910179124
574 79.61703464283515 61.25983208164496
575 248.74150898377 300.89054878079145
576 81.63314203414066 470.4282391836853
577 60.798811448667 213.20971951837862
578 135.1963245267319 507.15550472730115
579 226.84232685725445 425.36841623374386
580 182.18283524189508 520.5950936574235
581 170.76031910296985 533.8938443301157
582 128.40277782702603 299.5784714190173
583 179.3633368469328 232.26407947822196
584 68.07454585706165 38.57394761127571
585 244.38756765556263 230.04176755315527
586 56.83720632895148 73.79905566713767
587 34.40922291601318 232.41726618635758
588 197.33252143096917 1.9272003105628697
589 226.98874100922632 588.9409289657984
590 81.38350585958817 524.2125480432439
591 139.13709733356782 325.00203072700504
592 93.51092864151357 435.5447806533497
593 148.93204212603447 169.44896110440075
594 139.8918716048571 353.5299083532707
595 246.71445064290904 473.10385069690307
596 80.14206619693638 528.5138159373074
597 8.161544053945205 458.41656604132476
598 108.68476997006623 504.3784499768969
599 21.23761390328694 536.3629899979206
600 15.23241435543359 590.9628992186823
601 249.17984536610305 487.8196597594569
602 73.83958289992708 53.50992181768907
603 255.36385545710868 478.4075129163934
604 239.4540814501393 422.1603454426614
605 21.63116050012346 544.2044079956689
606 82.61872097770284 292.15021043262186
607 227.61475570434044 495.6936805939478
608 53.23259960296893 358.88748065476176
609 172.34323234440023 8.825354394998662
610 86.49823249232658 245.8256888472035
611 228.6900338908876 158.61492461891734
612 85.87564612955744 486.8787124432857
613 107.4822916763653 41.11990859470107
614 84.77528506939346 461.037944630471
615 213.48301748436862 61.38388086011864
616 168.00865198434116 334.4625836394868
617 204.38957975571154 93.78592043578821
618 30.708298751218837 438.9841306281676
619 159.64582270986563 513.9872325106454
620 219.95901547221078 304.10694360382064
621 59.25068620942703 491.2927504716512
622 147.77977113910933 163.10839150961766
623 114.09966651578577 468.8801453015258
624 237.621091873848 172.74147473215598
625 35.343727131812265 363.9301454175082
626 68.53837466271075 519.6420925506951
627 16.296886479271787 27.005887178273788
628 119.18335575313472 474.1221452167083
629 101.95254546821909 434.6882547980118
630 125.77023072170907 600.5835356834331
631 217.23367858446815 296.84695954128046
632 139.95996703435404 574.9236740900695
633 235.64359773455894 254.91065271770302
634 15.408591312851831 360.9594438404799
635 100.86028047658887 1.2064810050340316
636 136.54828109826073 169.3369466129094
637 77.92762004116528 297.5259955969704
638 76.76017023693147 239.2326916466895
639 197.15401735642882 531.8349127905645
640 123.38313016992409 130.71931166830237
641 205.17637347882825 22.987231798034212
642 26.291777621361447 439.78743084943255
643 212.34801511588932 312.51742877369577
644 19.743550082992915 26.114551236433233
645 22.655720541911837 199.86207590854355
646 7.389686978285835 297.64156966284526
647 25.965567826981573 197.37221446678467
648 60.7857826126388 81.8501473959592
649 130.5868779992428 291.366235097219
650 197.2763585621338 120.48042551318643
651 39.531752872130454 461.13761472174593
652 209.2678115444805 348.4671368339676
653 214.71824449147542 101.29531339890572
654 129.56193838007746 155.25020567774143
655 135.57675653971543 473.8882988631561
656 13.81720577935985 295.62878687972426
657 181.59786543469036 440.53353347016645
658 231.98798514475803 593.5922235245184
659 145.61902317148446 151.0417285311516
660 168.0111667877623 396.548864167084
661 61.295222741587715 157.93543544896764
662 224.02423337010663 605.5684629427965
663 191.6894533938561 598.4105966674739
664 191.41639253239867 121.3002397627649
665 139.38950347998752 400.142430659455
666 66.92324002842989 12.12184339082786
667 96.14993355449165 308.6256934987628
668 0.6742663253736961 279.1305824670926
669 34.02047959212145 379.1209348065101
670 26.722083157406313 66.53463749019083
671 183.7459745860401 432.06874197623426
672 174.9445710350215 179.25942215400178
673 95.64755485274927 69.54536794228814
674 50.75453248097499 574.7422862205055
675 243.9308969108507 590.605480430293
676 126.42642203490595 284.8200103464718
677 141.378158419238 495.3988622770784
678 254.76055083668132 459.0762788185678
679 126.89832146356665 276.4457408350841
680 92.07443955701117 525.5830487055645
681 51.00805345791994 316.85608918974964
682 38.99669756696815 514.4804849860567
683 146.30124405576493 369.43029881582413
684 154.29965949339092 386.5641129317524
685 174.23841741044907 341.60405740421385
686 57.15037797833738 573.7403650288902
687 36.38433942922183 65.63820953694925
688 35.50121274966745 357.11220806499625
689 73.28308706828811 391.3058367858781
690 86.19512182657803 465.0795882664556
691 128.5493099620224 461.6732362555527
692 154.36611323013562 223.27127577410502
693 64.14757700881468 451.2003795738734
694 214.03723006079184 320.8753257156162
695 46.588724779653816 60.88763697315637
696 153.19142005806032 168.59800683814404
697 121.41444161624551 560.1791048047959
698 53.47559982837146 201.88624625351486
699 245.99273798953263 434.1630705193366
700 109.87629635662078 470.0654252419788
701 226.65089436484803 127.34685657571364
702 206.2777517794473 368.65576883673384
703 36.17961513301094 313.2458053916902
704 5.2286461114374365 588.9989954900788
705 173.76456176153297 551.3686565780912
706 47.284297009533375 37.62244647417176
707 93.21416464266774 299.14268103260355
708 232.5179488364118 431.9358650546575
709 229.26325781757623 586.624870851199
710 11.723648753322099 511.16168855905306
711 164.26144799344044 413.46154833327415
712 124.85976088445875 23.792448195152193
713 22.135380683048105 182.13580536431118
714 28.93327930695282 492.45545681884096
715 99.06176616501517 217.8680520217062
716 224.9670813688068 64.39344400442177
717 254.3541591527767 110.41662245747379
718 114.3969941562508 108.72393107515572
719 146.2719674759042 440.60112222047576
720 36.256414422252675 522.2599253299069
721 136.45584828585905 47.21387705439365
722 255.33612243086077 542.2038476895899
723 92.59212991479282 339.5099755500747
724 172.89102953503416 40.54693843967048
725 120.34929510496936 345.69302787366246
726 109.72254650249027 296.69840838636395
727 207.2269003391192 374.8653168989234
728 9.139812259600562 297.28927785975645
729 151.64695342257542 139.39299116834033
730 124.21773624138802 217.59017354602574
731 121.10934307203057 471.52074522818396
732 128.79990189896296 168.4371866798204
733 76.07125141891336 359.72892354688156
734 120.63958138579976 366.7334016298862
735 8.377417071641517 101.46529564618692
736 36.452034770116136 546.8996766164472
737 213.26203330604142 352.4725949483592
738 149.5083542827859 566.2799199249781
739 71.80913614717011 492.97850644016785
740 48.13104910628552 108.5155097728897
741 175.17194285716675 21.203224770760873
742 43.43935984652638 170.1896205682802
743 17.54661016761247 309.3946474887818
744 249.8965555008514 143.63279750964222
745 200.748367176384 132.04502072853907
746 42.217645292637556 66.19408631139231
747 12.856551864766265 599.3966425195538
748 205.28848906946627 264.40437374984106
749 146.48521501843774 250.34923555126477
750 71.81931976886288 340.10254001945873
751 86.54739434847453 335.21099064553334
752 91.18811339224426 371.9429238273176
753 21.377460770447925 8.646832621240025
754 176.93679152795724 555.1051205561844
755 104.39998627887098 467.48617394062495
756 173.80883669681884 112.40355450068333
757 143.4653180683821 441.99262852051197
758 72.4380991237814 27.84940361592767
759 216.83565657280676 547.7629756754292
760 198.39062479761455 571.8276163420201
761 80.7908223657879 455.71659825430095
762 185.59581957499546 496.3836247875958
763 207.24361333557547 74.40774640931097
764 74.58869093605689 350.3276681582703
765 201.43901821403048 49.73798685087067
766 238.6872822421396 358.13175442759706
767 64.90752756161336 462.57708043617407
768 238.0828481018515 184.40798633871518
769 14.33264182685144 199.22094024870623
770 170.51755390080444 191.72783189515542
771 83.23135404645102 44.651579540493906
772 132.7947361219758 54.389676417480224
773 63.05596635298563 381.4174280887915
774 85.07639364705945 537.2636862018002
775 125.04437211505551 181.8400997619388
776 218.94340556991347 211.19781543786524
777 149.43593975387202 359.53513780039975
778 66.50195720363477 406.79256858988566
779 59.620584603503055 5.357753653049067
780 203.84121512349745 86.11534843389836
781 10.546839464678643 225.2148674985288
782 252.49734874364313 287.4504603769397
783 119.1391062149257 602.4158026033082
784 50.15766614808466 137.17458032508384
785 207.02041680346503 145.21885768519914
786 89.54438632279073 182.62871996157256
787 241.61708241068288 115.3136717128506
788 162.48799635636303 291.9539111770379
789 22.62942106282665 194.5006513700287
790 99.66426108721701 403.44671988603216
791 85.64542813623615 265.033630287951
792 26.806163029663622 344.28794880815417
793 223.05618882552974 202.07090682271576
794 100.9155752160359 213.51952928221863
795 188.89969202486745 602.391895613756
796 5.5622337744186945 522.2201467868076
797 193.66622940431046 295.6669637614678
798 148.98302462248114 520.0820776053129
799 208.27112920376004 86.63463486760445
800 70.9623384611299 596.4451826817777
801 241.80200548233762 552.45349896993
802 57.875560141320925 549.2285793653913
803 205.63172331258963 220.94097736409665
804 51.46924620014915 304.13166131678685
805 243.80148212410887 137.92477946248098
806 63.15245464837165 471.23994233383945
807 23.024995954405078 480.16547755466854
808 155.21568587451247 368.88472491764935
809 185.6589870870402 113.14685505621124
810 146.08066456196232 217.59519539886043
811 29.13657902345271 9.715238615222685
812 86.99560368817592 511.1530022550335
813 35.90578793538307 265.87505763653616
814 198.9762601666607 75.05361455973313
815 196.66471025345268 280.7808344465745
816 248.23557094818264 110.42562226416484
817 29.361609202800327 526.2712110720424
818 210.51792883384473 286.66469250785906
819 153.83529457132957 500.6835693171914
820 143.56420131285 40.38570570496757
821 205.2753319091971 57.29273038100918
822 224.56932020266152 79.85612829128232
823 107.2852051348956 212.99130156031285
824 165.54151401949892 96.38107869985151
825 150.78419404211638 22.91671322473241
826 145.35155081606064 339.7179287933658
827 42.96071152661482 582.32810503594
828 220.78154760162792 563.0139074265319
829 219.92577013633706 389.7340921975889
830 36.55583650327623 320.9975761938426
831 39.85840522457328 264.44643006652365
832 219.53307598099892 214.34790768185957
833 197.97814078524388 107.2888004258563
834 93.18432890511275 212.8601564457459
835 252.75250309702085 144.29459234627578
836 106.77424566283146 206.04720467492803
837 129.85364707104543 441.65752913449126
838 39.65588714148682 253.76593105219683
839 205.68856100894038 385.31345624278094
840 242.06346408845985 379.03431885350875
841 176.37495416751463 450.5368667649087
842 70.56839358461646 6.908251816294023
843 167.20991637712254 122.80854319450432
844 189.36805274966827 168.51799239141064
845 2.336289658396089 477.71744437490696
846 150.05082358950105 343.2245741553216
847 34.27449934899848 563.3650830744346
848 172.60415384299768 56.93908681673298
849 52.22002721138988 528.3498230027968
850 169.26229308651136 500.438224411622
851 156.21289758312193 250.6945161901689
852 65.06203177788876 268.97603208153333
853 236.31758479334337 591.5961036128504
854 204.68736016704648 361.07952532947394
855 164.29471187515998 578.6136695726093
856 40.72834606811461 243.09372502978346
857 43.50948459383698 406.3824459102759
858 183.73739421263588 14.10653378541861
859 110.53235045326232 284.9097480141332
860 182.39556513559077 135.339174583089
861 73.71979881776961 571.6096848879105
862 116.1356983695806 362.48788756878565
863 109.01107821118977 349.0042220003588
864 236.96651169925383 293.93178908688026
865 193.4891546848403 369.6754400886224
866 69.8743932501269 183.57983757156683
867 101.21467689271505 154.0306801264962
868 5.891543504355942 264.18889582072137
869 55.166721358672596 585.2511949194284
870 156.16735430757242 392.9207635860538
871 153.45817232547094 563.3286317260314
872 156.20558796985924 250.5956603802899
873 120.76899128996908 307.58114465542644
874 85.35298177049748 283.9652974916023
875 225.7370520702662 544.8794780494768
876 236.16752844920458 214.9737165159231
877 118.19499448128931 555.8082342593596
878 218.55569978902685 444.267777779109
879 203.2701967818344 259.1496090839748
880 194.7857794475904 449.0699325003643
881 95.54999166096604 373.3822808876562
882 228.56883159923837 462.8492078427969
883 24.099193551777294 586.0789292199687
884 17.96042090167222 319.706848656599
885 107.21402093696709 357.91750217370617
886 232.37130276411455 356.3458294330389
887 55.41177702647053 157.0195860991036
888 76.59068093424706 544.0034904947709
889 248.9161928070968 184.06682990083235
890 125.57511680831666 209.25983555905373
891 147.01127163723012 224.4713416133617
892 247.86938346118137 527.5715719859774
893 13.054667308244023 528.2187576234086
894 65.38763040840284 575.3243264682883
895 196.7594355151385 509.00980564255013
896 21.947390478172643 73.08240027332762
897 86.46405259785 510.14554761003444
898 3.6579093976327797 262.1647518550435
899 17.80528082585757 306.14060551672156
900 81.90571026469186 334.32140917037896
901 69.82870094484169 148.89639596286958
902 67.09393683051547 426.85525856415273
903 192.9300989213632 449.810425585246
904 33.62650638161993 258.11598043700855
905 222.09753397430754 467.2513065160106
906 69.38577485376095 362.567178132962
907 45.43667606406064 58.20002616148301
908 53.64859205718573 100.31217500854902
909 70.48938422073627 107.71938317465694
910 80.04332581354149 284.4940087638481
911 159.39817997208326 369.5889072707327
912 237.5455788342068 54.57536379018974
913 73.61609038859505 236.155405149308
914 206.9618706776563 445.13692307820094
915 86.65322229731785 174.95647887791975
916 180.31432244632012 414.9543128424356
917 72.36555924776118 492.5944211152828
918 112.58322004340698 37.475199864009596
919 78.30346357223885 320.3455790334576
920 106.90382006773488 122.26876810468195
921 77.46256167220483 499.9153731045561
922 124.60055909680496 104.13972587810274
923 160.26001187054237 266.4660228430613
924 81.4431483931019 419.0978670851079
925 65.95313773438217 324.24321236146096
926 246.2523342204875 238.42971012639083
927 153.9972684752876 228.67769755545663
928 18.23922033708365 436.7942365557262
929 120.70770046985035 117.3415409861986
930 76.65032440556503 283.55148564433586
931 220.43340309803696 88.44119384936805
932 216.15061519407163 250.58623165633708
933 11.904867051287775 538.515910975764
934 161.00974035102416 158.13149024355823
935 36.05458181546689 395.76495506159216
936 158.25415814403019 353.055582494592
937 193.20047791017316 236.392818267206
938 245.6346766163795 203.09655752710447
939 138.58082760037388 603.6236408946038
940 24.120682384202308 17.043115509672123
941 118.49648689982 191.7056726891296
942 194.1245452753455 343.2101569075602
943 102.79959208188217 157.7140796353458
944 229.90068245997944 209.3287912193965
945 66.8367657716779 567.1424485360031
946 189.15176783995824 154.52015864958835
947 21.468386269858055 317.0602986290161
948 250.48880178563684 461.12885598647114
949 210.07220337441635 169.22353502498274
950 228.79114772795904 257.8688256271219
951 79.6344915784499 479.17415932014285
952 85.44738680926233 521.9928242514793
953 173.21862550630345 271.6487004128642
954 12.017474049889222 141.45965247908853
955 227.006794425467 557.9677770364854
956 130.91650165329924 153.0299039861221
957 102.29791673506503 117.274206683922
958 116.40509240881154 428.5676295972042
959 228.76922735438768 453.5870149246891
960 137.03077535931044 290.1114434742303
961 231.21299210696378 128.518246276195
962 70.6044785875085 135.82594387716634
963 183.6423969948449 566.4266552869424
964 37.77484229583088 452.1663720459638
965 90.16892372735178 447.19296705572094
966 227.55861574639383 280.3874706631817
967 129.19833850541994 167.40768847430212
968 139.7502804073357 182.77769485441056
969 94.67612959912242 199.251594190449
970 103.43065560149698 431.5077336176025
971 228.17574890960054 311.314188231791
972 8.294584430298098 311.70920024459684
973 143.83128048459042 601.1576423769837
974 215.92750793923278 476.35940200701816
975 28.078745751939753 509.33445562342126
976 51.2419182915428 582.585539655544
977 138.18405492681723 592.3058873651945
978 214.71278163742744 576.2116709229557
979 203.63497405895495 405.1652828082668
980 157.61209333049118 67.66504472488229
981 238.93279713112426 567.5370937904015
982 209.87180549406608 340.79930441233387
983 37.798371950974904 228.3857543191397
984 30.127009289338755 258.1399197160387
985 31.27185702430648 159.63900379529912
986 6.950573123597169 223.64990030922633
987 53.801517077476596 27.47404799312105
988 39.10749568509776 539.844696433264
989 161.1190446556579 480.63947988104826
990 216.92777720395003 393.283159932381
991 116.33921746281091 267.4595146409966
992 211.9453438455093 223.16674782878738
993 116.00442529163116 113.99582992438545
994 77.36362487398725 386.88799601409926
995 243.11615657113254 452.371739718569
996 145.0823624894646 179.25157879413197
997 189.61521466498982 431.7226373526614
998 167.90721274947794 574.3024671020268
999 192.32540906266593 484.3405306202559
1000 134.85100849302302 324.88810942765053
