1 286.32218235200526 178.5444137519573
2 181.81757052323078 545.1355982650708
3 365.8101236397572 547.6351845926752
4 497.5035748115168 477.29223415642485
5 399.02390705583747 253.698223461313
6 254.73401544823466 590.2642597431295
7 518.2513463849117 606.253232860463
8 625.2249214368409 663.4774032275539
9 301.11290724049525 581.3850971551808
10 671.1414830416035 648.5360291672908
11 291.51807582160467 389.8879574622682
12 78.60034755679399 43.25649773030243
13 593.976696431126 92.82155462626399
14 527.7295935092782 337.19406890795267
15 199.7060253759775 531.4932288790596
16 18.725359652060902 565.4744501577024
17 356.0738741700275 111.11870285989652
18 88.04613117053341 320.0186344409624
19 304.41138189539595 645.8434020185274
20 540.4909906303435 421.02047177410196
21 31.581678911120758 7.881232225627904
22 516.2177429181118 350.1873888668078
23 636.5859680604988 653.5635157299706
24 4.131016736847816 467.86377108976586
25 65.43671576503442 276.0783524089814
26 42.3080923323437 684.5662712915224
27 93.91329837637298 476.63037859326363
28 457.6498031102703 437.6749477382982
29 111.09918707917316 243.1136655575522
30 527.4980187391342 460.8096031102161
31 72.40062073387158 172.0220128206299
32 173.9369142100464 384.3170674901523
33 435.6156502819942 307.36769323430286
34 144.7205213249139 153.9952634352681
35 385.88872685121265 638.0002990277646
36 330.545547919773 526.4503669013328
37 574.5308180768654 489.1399871880021
38 635.0916578946595 650.2507319259336
39 135.6853713157616 284.85790907288134
40 452.4299206748925 540.9185718235889
41 568.5191399707372 612.2645975280997
42 474.42047200956904 81.86450737468917
43 183.75081763539615 100.38413804873099
44 545.8923793085752 241.853730187378
45 171.31365102279403 582.1721396656412
46 50.95084514301627 283.2627924740944
47 7.054051328671719 206.1109019487325
48 384.29957953140723 243.01325667901952
49 349.7220550175239 104.44122481437046
50 636.4519914271908 474.7296163401943
51 78.68469867104058 685.9012418949095
52 55.71582768870339 673.9013864575535
53 106.11939526499773 173.9972405585283
54 671.0087915490865 221.173538621662
55 194.15124928346833 673.4805657343363
56 658.6850362062064 411.5738575899056
57 21.77196956126398 409.38574944256993
58 464.96824259546116 163.35833280090898
59 507.10070387632084 400.3957373295432
60 156.58365868715 168.29309739738358
61 495.978435595977 534.5094066543882
62 301.9141755487199 436.5149352166586
63 74.23989144627079 542.3097542867362
64 465.1472167289982 303.778674943737
65 349.9256056644137 433.56341549948064
66 12.88452330486161 379.98380027111
67 10.720688657468544 403.34802736380453
68 224.95260781609358 566.6052389286367
69 284.5626092823587 406.711995218351
70 171.91331077877473 506.7278760144906
71 326.3118865267081 166.94273625225935
72 455.34614086405884 10.954191489550965
73 347.0732706031216 619.2409484875712
74 513.1167335868544 148.44164743371414
75 576.8621922211058 672.8140025336857
76 574.8413923030099 428.8867604871062
77 276.59980437452396 317.80604301005883
78 100.75524342547524 527.7896124760427
79 478.94186068159513 678.9190356522795
80 188.53590471475934 653.805704142416
81 309.47003893488005 373.511912977209
82 581.947842897152 701.2682210196892
83 174.33359898451457 174.23889797811364
84 641.8883523387453 181.5049278209387
85 192.6941162735906 240.13366275294737
86 539.1529865194278 691.2249722098842
87 673.6100449729474 215.9263138212857
88 508.71090650441255 518.3969965082982
89 389.49337427965776 264.6774610631556
90 134.51765507423949 304.4518269615722
91 458.1724974094738 479.2224812729271
92 245.41279461570642 570.9325936600542
93 192.38549784965176 87.28441072132195
94 355.9130645047393 578.4247658622379
95 565.9295556425797 99.89709136985987
96 405.5698724045653 131.2644580494686
97 434.884800478553 203.28978145780678
98 216.49453470093346 216.9914258302926
99 321.8876368557133 538.4661691346907
100 221.18378121420614 395.7078375332375
101 461.9377033940922 586.2105901152011
102 146.51359279279072 631.425124630747
103 420.1816348259049 237.09493745186342
104 155.2385969272189 464.81883481032213
105 83.39479008407154 282.7046966800473
106 437.0634064819823 355.49277224295474
107 574.2212960602926 525.5947748104413
108 65.70821106622623 191.4125582989836
109 551.9890690352253 660.9669649435137
110 615.2970574486106 530.5323657911836
111 15.808934400556613 251.65218115576008
112 292.91811545905244 245.26546344997516
113 123.91136072566333 414.7586422552403
114 406.741378017647 472.64887614042044
115 529.8993178470331 348.23701122339526
116 343.65701576414125 275.51551174095187
117 150.2007224674132 110.76728142919796
118 412.6272804143086 451.02422751367726
119 421.270571299398 380.3281781060703
120 124.7537121239498 443.1204808885216
121 68.66930389292465 517.1083209668828
122 124.6170467158256 174.75815001968425
123 332.47124805570394 203.82682445534638
124 84.64902403179899 529.5418573389767
125 277.82133972685 204.89589926774536
126 504.57568145377127 631.9273938556905
127 209.5863214951853 371.9495670200066
128 160.27476063168373 137.47595368175627
129 362.2121064106998 198.31043952975557
130 326.0947246559905 237.43438214892552
131 583.5684681958024 18.355779946226075
132 291.2806027676723 162.03053379304308
133 528.81891338863 437.93599889359984
134 582.9800152852404 310.79433182311294
135 607.7266536600578 255.91733465269513
136 39.73274523165512 265.47634838678084
137 127.38069330666272 399.79490341811345
138 431.95488624824446 652.508372894177
139 289.660802324381 227.23082989484686
140 414.35171447012533 614.0487383700554
141 103.19816311314605 228.0070235125913
142 659.9246829429393 591.4797918266709
143 369.31544529243166 520.6267061498811
144 382.0100845202377 150.77486180623512
145 222.1085538657733 319.88539930232326
146 502.24215893488343 675.7365320706149
147 203.87643813915247 33.85246544107055
148 265.2836891049591 14.109515443744927
149 275.31526501994585 288.39560778662843
150 95.02410696991193 354.37787114087706
151 255.23219888114247 647.8766714001798
152 127.42713535317648 511.97017301282403
153 485.136227733789 510.4061409233755
154 117.41577588281473 524.0091367770249
155 440.9977574700497 523.3751502237808
156 288.1640311309551 612.2621399767114
157 545.5712488726272 510.81092749653095
158 459.01983781748515 315.3511424173512
159 607.7959755745547 570.2696348212774
160 497.3351030937584 655.2538802349874
161 270.37079135301406 552.7205220309788
162 590.2737506491113 155.05779368839657
163 117.25147608105395 335.8803402746444
164 528.4448608483901 34.816036147505706
165 271.4255802423063 332.4952800502254
166 437.75049702324475 127.12049177767629
167 444.2033878660286 484.60052315932506
168 404.284526963709 39.19219010269449
169 584.7563243986239 95.89425138513664
170 60.81683852580443 399.2777178132082
171 25.97387460726635 410.4243021143722
172 657.483574741188 436.54545688205087
173 48.27246864838165 533.2666854887932
174 638.9196805130205 116.26978675287194
175 428.4088341990413 75.15887574259851
176 501.1408737891824 347.2568942429643
177 78.03639382943864 95.21368428159175
178 10.531660878703258 471.43408066689466
179 597.5325399200967 585.8829424118347
180 41.84476219241543 68.29674791016035
181 480.9918493476882 490.26281329078734
182 439.2364977976997 278.40387532695286
183 621.7209937065155 308.7130980311826
184 28.883439385876944 690.6441240127934
185 50.619117802424256 386.67463686559046
186 615.2909308096531 644.9445840699775
187 198.90802383624117 354.363668809398
188 216.55187284612785 634.2302661249357
189 31.30943073852382 375.69397642601757
190 15.977655266537392 395.84429478698974
191 89.6801599267974 423.71508656615765
192 281.18991521950005 344.9965070246128
193 617.1192341171339 272.2878061294844
194 103.08100088924661 603.4308008038664
195 176.4464079597565 605.4147241604421
196 662.5623213720412 577.5419501584498
197 366.63809867001805 217.52818196205325
198 485.40627371828566 223.93994070272043
199 50.35105656736567 301.64872999855953
200 193.65041150343754 238.33623422265708
201 495.57224023402057 359.66280617742194
202 475.7452272329956 144.38416421478405
203 127.46495194821013 388.80093303699033
204 358.4611870746162 642.7423414619103
205 673.921602667579 390.1082649872911
206 462.9129878985575 97.30009080522454
207 116.19734064095442 140.44484624015809
208 571.9286590008027 28.43966821234948
209 85.29389521561919 386.2546329123614
210 384.2098520949625 478.40841842314455
211 589.0824488929297 289.0004100357305
212 50.970131563435714 284.7232445038833
213 149.01344022142217 372.9318935994724
214 166.76686343464212 199.4114593147755
215 99.53286001801959 591.7323438253693
216 444.5525567776639 254.96161120617938
217 81.76629195560261 405.7347573635633
218 434.20971075018497 151.80742611716605
219 0.2253595233126392 115.65225215820931
220 188.8679969948094 30.84313028656012
221 235.91863780352392 344.5944403141422
222 595.4808632401565 252.1777422749671
223 303.9848254043173 200.15571469713183
224 32.49056602693689 81.00103046431123
225 9.900316558250902 66.87122517820885
226 363.87315415923064 698.749511419202
227 428.96630570816 395.2634278567441
228 249.78039322311997 310.72345797058375
229 212.38724898419372 342.2793277519763
230 137.9804581043827 679.3047490729848
231 638.9961387363596 332.682813297793
232 561.7340265779144 109.41635959340249
233 382.97011902668555 551.9177576316356
234 563.161214282075 593.2387044247201
235 158.44666256444495 286.713049909958
236 470.9190155101525 618.1404712972042
237 614.0164012258308 148.5650817956643
238 412.5163763362443 676.5309991541052
239 242.5007175310941 383.82496780879586
240 581.8582846730648 85.9670490097107
241 61.54754502981911 391.8194257332882
242 183.542461466729 335.89330391737593
243 430.56164651814686 0.6311684621156386
244 254.31328401204735 58.93571156462912
245 4.703939246088721 256.85675920028115
246 101.62729390312636 566.1655234780194
247 645.0146026088408 470.8472939370923
248 586.5044605493418 271.97376258003715
249 608.3773930435799 264.4660330377249
250 263.57608626350645 56.22357589922261
251 396.33729477402284 345.1902713901651
252 324.0992555211342 338.86831092908636
253 259.664387906674 51.05719296838015
254 38.008106744077416 355.85575532237584
255 5.1470589642967965 25.814640780428018
256 95.51707073798963 514.2663582243554
257 450.8224858716257 264.5312675083907
258 74.46150770208419 520.9475417518375
259 157.58580221771817 452.2328279834217
260 210.1933655094127 300.87027973138305
261 476.42012577659193 576.9395647021212
262 330.75094946386616 473.8163726496908
263 323.28038246348126 364.55074483666476
264 342.7871565541401 174.1891369456617
265 83.57217254266068 535.4363040355167
266 503.6576892906823 170.88283379656238
267 103.89812043841631 358.5808731939908
268 158.07728358465235 631.0130120890634
269 72.40855867181749 312.06738259127957
270 653.846274827055 113.51907574356788
271 334.2395831220751 341.971250959299
272 99.80518881611748 672.2014753412243
273 449.1895590945917 696.4377994349419
274 658.4690316989575 482.184512219793
275 252.26948320711963 362.4508206871001
276 387.1288917051188 113.87677504427813
277 621.3712875682055 445.72358482392764
278 663.7020503445298 565.3048826150375
279 30.022991452382694 200.0225106326397
280 475.1882325549407 460.150954632299
281 225.95414380043843 523.9940953923895
282 159.59320044988104 330.0047930754382
283 600.4387708099314 316.74257036546146
284 56.68775889572167 651.4006956925886
285 25.01465373314694 346.9254824262427
286 208.6542116387225 536.5341853855582
287 298.27592499316086 609.8405422507799
288 153.701884913209 337.9114472233408
289 448.6725599380182 130.8713781918145
290 47.066118938661674 81.72969874215713
291 134.75318883077955 615.7416221996076
292 321.2048188420975 318.0586537065097
293 252.63569892882137 434.6026266954616
294 341.5490137939224 674.3517575085506
295 35.695628058162214 69.89978444289316
296 285.31023383844973 495.07800983910994
297 622.1931633149679 696.9124506767026
298 613.4693732216012 313.5607937504105
299 222.01569025230995 308.23385550679404
300 352.58853417609527 97.82344934605351
301 1.4275916013330876 154.16826215867036
302 79.99379342253157 76.98939633016812
303 510.1474984860794 145.45959329176677
304 487.77431059337886 168.25755799502164
305 145.72731435035095 481.85304886659765
306 545.7500764536607 420.05808912623775
307 589.3736940167042 417.11032987813553
308 147.85043743065114 62.6877646652416
309 250.69691826504672 545.7921379179876
310 36.16381745705875 602.4528904320052
311 457.1747385061333 632.6156350524792
312 454.9558576164537 265.26273750982597
313 666.6275880712337 523.8012326559087
314 408.8948554451386 278.4130448186666
315 362.2442373996425 169.69240224417976
316 348.26991435115764 98.97308493328616
317 129.1906076604006 513.8361109484225
318 446.1699607844216 355.2848676501522
319 447.38065537132974 455.80260206929205
320 93.26135076943761 173.5166274564234
321 263.89678962020355 701.4562714474597
322 23.624496120222517 400.45179002390626
323 452.97982755303013 542.3930035995302
324 81.15913191851176 614.4265430368049
325 283.90444283329884 498.4527577471612
326 2.4983119978911303 591.6352363969035
327 10.36562834341877 434.3639778861928
328 545.4146798473241 345.8223634085442
329 20.068464133966952 563.6828577716091
330 185.94283162486337 221.06076878496157
331 222.70991116484095 13.482814139755174
332 575.8463603328933 64.33627568603191
333 606.324001829809 550.9620386148985
334 544.9251543590874 397.1767454950061
335 659.267981689303 540.7265047559373
336 372.1012392772093 475.5743856987259
337 400.6567690131472 359.44042320116984
338 302.86759183768663 495.2656521432516
339 212.29968028728985 440.65430037130886
340 61.721660915440374 187.2040044357387
341 67.71674833187033 190.4679006938061
342 421.5354572195835 567.635672836795
343 323.7517513160127 432.8723996878356
344 35.5323171194138 638.8729580071174
345 585.2247373151624 511.5292530518143
346 370.0154653976739 318.65577539102964
347 494.5921484650449 228.382747490247
348 506.9850361810923 330.6668894951872
349 348.6097646423335 393.0223087597201
350 448.7548529044217 180.4754624108597
351 424.1363873155172 99.33986597810146
352 192.7733324722859 133.92651179111056
353 413.0440418238647 588.0762542427719
354 213.47679540617438 364.3080636449053
355 377.3908456787318 430.5467618198501
356 247.02657815805264 189.59191091130538
357 118.40402797816404 335.8751212677319
358 563.6463562471115 261.3492579147137
359 309.65057439464425 265.4439191452677
360 202.34685984907344 692.5881593168137
361 561.9964529775883 230.91444305720245
362 377.329283721679 40.44093915659141
363 468.2638235310482 250.69207404442213
364 475.6705722190815 65.80430491943542
365 523.7661901249187 489.96392144847886
366 312.521337628832 141.70542661413887
367 293.50519237300955 101.56414106733632
368 551.406386099111 363.02590761876235
369 623.6904417115518 284.31761895665363
370 275.4412284870828 161.95255049345218
371 23.604130684257814 559.2469093585064
372 322.26659215554884 405.9884113208948
373 653.1029889323569 467.4896413089119
374 142.62215294230185 208.54657253216416
375 140.73599629389125 313.5759228166403
376 103.75455693908641 195.91185484936983
377 130.19582187689272 259.70547930469473
378 11.075374076399454 245.304191786719
379 29.780563268568837 321.4576318753955
380 399.21436388735367 266.453327722131
381 165.4904778155247 407.27051165829766
382 463.634747921547 155.80312703104343
383 86.38118759736173 22.271578475038197
384 638.7010404034215 196.51438821152186
385 173.20889216082634 216.39634274325908
386 134.8358943712815 614.6726051837843
387 220.43727353570281 339.6606429227614
388 327.76588764504027 676.9941386235496
389 658.3851190546828 628.2588727298844
390 164.16555849475333 114.78341338160782
391 2.643938962924451 430.1558563876224
392 144.2807715175583 351.53992634002407
393 560.2438067924168 383.56108611175466
394 352.0394318109016 536.6785391557472
395 477.7760916980811 608.8899922633016
396 15.884822362609649 608.0794221698499
397 44.66017582519318 605.1437940011081
398 312.6399251010642 96.69995963022258
399 422.33601927758986 169.3849321110941
400 141.8498337445613 55.877737733460705
401 259.46954923163764 279.91695439195985
402 212.75215601112342 463.7685105382484
403 214.310441589924 68.5132458309457
404 306.81339577196405 647.5959293661441
405 497.6072983269492 427.8090819059429
406 572.6269037064709 206.42594851638103
407 363.1988406207427 247.54165816139604
408 416.93394894149014 506.2482598521598
409 122.11124489590566 492.93029888303937
410 99.35840980974815 306.172979474339
411 116.4405967035142 506.4342904052123
412 639.1587276049754 686.1502088913192
413 642.5640862883988 177.6462822330583
414 128.53192037703977 573.5588663078458
415 378.7743692190366 674.5540232415916
416 366.86307453522625 576.4466644115768
417 130.79757371922182 442.68225681836896
418 152.47257903922383 407.286850759194
419 520.3929883504748 212.24706418653324
420 122.00941407390754 393.6198153272541
421 642.4531751635027 382.4921616753204
422 88.41498419965201 649.4834322945533
423 387.9923166238636 363.91139141784265
424 561.6806068750523 577.7976275593519
425 273.58027437355184 210.47417372521315
426 168.43636075061622 655.472609855957
427 127.81939099009931 214.34103809762416
428 339.94804192881935 27.79992936665427
429 292.64650052844195 388.4212992327398
430 286.36984957526323 329.5878442713087
431 35.091940713922384 659.485926482787
432 136.97791628539224 203.82087914157827
433 662.2761342177755 459.9420319485282
434 131.37448922160226 191.43966824218694
435 116.45959252409126 265.9576439253952
436 114.17955804415706 521.2225251549089
437 572.98800301163 620.6246706245877
438 258.2440914464446 441.4794512562417
439 568.7979961118019 192.18967398286594
440 466.4877172126903 144.41548190518893
441 558.1046950580982 99.3722078851731
442 368.72814796769586 170.35400576586042
443 501.8182496328583 389.04448532309885
444 82.20095938229724 386.9940599057307
445 231.30288423392574 653.2972150139291
446 9.35025650830245 140.0458495243467
447 489.1320222912174 388.39100569456684
448 622.2800244515439 694.7164769358784
449 11.917318966646606 467.91088165357513
450 319.1855671688847 93.3700963453103
451 545.7977968673429 598.4452675617728
452 581.6945308459418 334.19046162000296
453 542.4419603700856 465.99597701517393
454 237.1414711494291 694.6694051519476
455 128.0694914474413 200.320489525733
456 462.82451629442653 520.393264629454
457 411.72185942550016 236.82089136627897
458 294.35928187195594 4.354707355258625
459 179.04484304940792 562.9642206816344
460 590.2631313730166 486.578247889138
461 380.435849367378 319.46882863015196
462 323.7167726541466 562.3640255836019
463 671.8862055254137 83.00539111133928
464 227.03193996491538 146.38983171874975
465 230.20720315178 347.70917142192764
466 504.7528932927566 471.7254154251958
467 77.82209304953122 257.2280065254453
468 80.19575135410872 392.58511294665186
469 140.2381371199118 304.8767092458044
470 501.6674035599546 366.1424044615445
471 658.4358760689112 111.50132599147265
472 341.57037433227674 683.7988525696209
473 464.4239717954156 368.4170112471363
474 383.25936732360765 4.09618213595922
475 58.37886431875874 550.4220249437589
476 58.806324315267865 69.98145959214514
477 16.901183186137843 620.3326882690696
478 441.64528757937046 564.536172943523
479 397.19294271487996 318.4984395107607
480 430.37553794988 254.02354302926838
481 557.088467362586 670.1886325059536
482 565.3792038119317 87.65326395950066
483 170.16964340263652 570.1317917532967
484 631.3723819869607 328.73444683995336
485 393.80283538694124 115.60378365957905
486 665.1647863614979 594.9618570722713
487 493.9575997363705 90.53278702049143
488 559.5974175830808 405.9969513971202
489 639.7740538439882 238.1947894923474
490 448.5936265746792 631.184120002977
491 106.57140796053135 623.9819529785673
492 119.91590827829438 615.4958728698746
493 632.6286802305759 482.4374120149696
494 379.1267382598292 544.8553594642187
495 209.68045950279893 487.1875234211225
496 336.63338027566414 394.0733527078421
497 324.20962980716484 303.334813627704
498 430.618866331658 222.37500403099364
499 640.3950973882722 491.14953539430945
500 293.22967854196844 351.9551009990471
501 646.458932889902 281.66568653804063
502 157.73714070604413 80.95967787421509
503 34.7564688363891 700.5913584546345
504 244.59755568483752 43.74622374503081
505 445.1967331723341 94.31674955737454
506 400.8694461509788 141.45442827034003
507 6.6268540853539 461.21330902356823
508 519.7773700422777 605.2873766928707
509 200.55709215801596 236.8575941376722
510 372.09427343230493 608.9967333222093
511 53.1155559580895 248.36859693973378
512 156.82294115051886 314.65400201659395
513 3.526235432117928 518.8619791349812
514 214.58725544755424 539.0278657106468
515 398.60907531840536 553.3388893246355
516 54.00058074521787 118.46690373410279
517 322.20937371007693 472.59530499939837
518 422.84775985537834 475.79996014839065
519 499.62121778432294 225.19425367232327
520 86.79968663551448 506.9504811630154
521 104.83619270362382 667.8033023829959
522 464.5024223355421 371.2582404292501
523 648.7518330203804 374.9537923832356
524 30.360384786750398 104.06027179589223
525 416.10463597491474 587.9134532737767
526 461.06396863324574 427.9849420867353
527 129.42724075621567 451.18499933076635
528 140.3076459615785 191.11715711903759
529 402.25429322828836 140.46157772597053
530 516.783538417959 38.46901653232279
531 370.7916257945427 673.8352765451937
532 109.70986704079093 587.4228466309539
533 184.98018779499975 105.74740590145119
534 541.894378611084 5.234703665556531
535 150.9112765270121 597.2030946596956
536 6.769823638880853 591.6018083243389
537 512.8200286285147 516.4542227627013
538 214.78839555390647 52.3233021461917
539 397.3874834366493 611.3802339108579
540 225.8315419482664 595.0678807356128
541 626.077033336098 352.3137089828498
542 244.28895130601833 677.0460741633411
543 578.1362337316108 17.457732335153356
544 349.01523165025844 154.66783408385103
545 4.175590087614648 1.7049541662384529
546 195.21188795283953 298.5795605911022
547 524.1348140771249 242.36498831011832
548 354.5747161741689 431.66955936827173
549 396.1080462000516 388.9608360377083
550 441.88897320641655 616.7059675709606
551 124.72716184801804 153.7886258840409
552 361.9937474098918 109.30103005063317
553 658.8213345834594 570.5783039801385
554 479.60398826587937 246.73110364144975
555 289.4543424584807 121.11779013534554
556 664.7811788795859 73.46927675293367
557 14.734611861269094 697.4908628748087
558 147.53457811541466 434.421241466078
559 650.2441277385349 26.323664475687785
560 600.1693966259584 699.2500751067697
561 568.1020666772572 553.4456962966119
562 374.5000728398089 457.8375468758968
563 431.16790622375925 493.25824228820346
564 365.864717156202 352.9312967726569
565 88.44888862567898 215.3358905181813
566 227.3282859108908 547.6785033032857
567 318.7873142472679 619.3575114843815
568 625.7579148454982 381.9703199844511
569 614.5646941432002 422.991854164276
570 17.190325873120862 120.93230101724826
571 638.4113837511258 424.3107902652106
572 307.44780327383984 259.80165431784974
573 632.4264969708223 421.59012359436525
574 166.15184853921812 376.75711752539416
575 72.7973233467139 245.7581204434163
576 577.5351620738038 453.6248710781233
577 87.83161575944011 349.4913693663852
578 533.8861783247147 103.31433279319889
579 2.395852809939439 26.96223198793296
580 231.3293614695667 546.4935088156847
581 479.26890566303 665.0504017185373
582 354.63153055183056 419.31881229952324
583 167.19513255154055 211.82483129648278
584 256.70515057442464 696.5271468666645
585 644.5227172306601 415.5943888853195
586 451.0956991137894 624.185304320888
587 503.04377004277876 517.3472270496092
588 449.56357784013096 639.4139418723215
589 481.93152048903676 543.1123863416984
590 123.77188071120692 529.2271033859882
591 581.9644740473353 55.44374751419686
592 111.17737213792824 452.6405724798495
593 75.7468600762399 328.8522058022147
594 156.14896361343855 226.4784756554165
595 387.4513333810426 343.82353327725104
596 197.03115254223366 449.3866229187962
597 63.003480043029136 548.8293673884589
598 626.984066849376 371.8278999058363
599 257.77298855823256 274.23304354293316
600 410.9576198657506 556.1355112826801
601 485.1261372581119 388.5209743837662
602 588.7710116691707 613.8794286755323
603 20.97905893216392 386.6219053890313
604 410.12149465428735 406.3236336570723
605 254.3883279195848 634.8262635065549
606 99.51385759777767 299.1525592355149
607 210.03569144348356 247.9086541229463
608 299.78668639142893 152.7722781074373
609 207.90544307774795 544.874410393587
610 545.0517499724223 138.96123398847203
611 326.383614150011 311.6778911121541
612 483.69231612894964 69.45445332331941
613 83.33643213878332 558.4534144960048
614 31.748205447532097 185.88939757778405
615 73.58713714296745 137.56303564331822
616 430.3229142440182 701.8799815223978
617 140.5948901663101 10.179449139439066
618 345.43168082171496 182.6657106615562
619 214.50191616615405 482.26108559761565
620 128.19393925559444 582.727538788637
621 122.93205182565684 251.64175770973853
622 349.65256217371126 90.50873638691641
623 547.9571079551513 87.01048925614967
624 83.14233533108563 649.4690984381431
625 552.2353898470033 583.1040525678789
626 70.7618195737132 184.89890910744694
627 84.05259642201457 645.7096774535864
628 597.5011900895195 84.84562943972382
629 62.98591192607806 566.7669402419933
630 116.65647813966244 282.3870305267347
631 621.3625729934425 590.5838327740443
632 565.4977057809484 94.40134972921722
633 173.22885277205776 688.1721887473659
634 118.05660246336404 648.1648360015952
635 268.6668241340266 664.8854586729958
636 232.04955128569244 693.2431685961606
637 75.11347049289904 534.137799745922
638 49.69187136721223 283.6229241970423
639 21.249440803277473 162.99774949447675
640 397.68009673161424 341.38590877835554
641 594.9750037628246 154.8050957811613
642 368.6439095301588 413.23683839063284
643 160.60606812329746 132.58015949269804
644 157.5394654906594 11.312625449958704
645 242.5415400712755 616.4171333179669
646 445.8728570532357 87.31420607449658
647 487.8733378226924 499.2020882960369
648 149.40826485376346 97.34011034639056
649 140.05067863893765 629.7176107823927
650 327.900395597998 502.636247803655
651 370.354869427039 30.64245654254921
652 254.62211234134855 533.111640728159
653 413.8315163957595 366.8204247862093
654 249.27435547344675 390.5264095376651
655 141.46190346417674 504.9169745247336
656 411.92819082662186 606.8845642035569
657 457.78755608579354 568.7464268522731
658 573.5989896224243 128.30252460406092
659 170.4702046915899 461.59457220274754
660 565.7768798177858 58.24180626058529
661 143.49237417376656 679.0161711901761
662 291.0515425111829 85.41463929831536
663 153.49187955544016 627.6195116474256
664 657.441065148325 405.04887450916186
665 568.2309585239092 616.9567999876093
666 457.4653865057871 672.3014977965887
667 671.5209638293732 424.9695053719417
668 387.7619090658587 4.208477666357182
669 404.61792236373685 440.80417813441005
670 255.0664586218911 493.8065334067025
671 467.22515157587185 273.904684884582
672 670.994545147173 414.34243188839207
673 261.22810319995557 55.104325695985395
674 485.6155916545735 426.4942486830342
675 586.0688747985419 692.2919992957628
676 105.04131044529966 349.8755104058441
677 670.0371895401044 589.9570624193896
678 490.90916096176744 536.3996711881515
679 407.76766297486705 608.990078104104
680 173.48739602194675 64.26661530043332
681 380.6504652625638 121.29809784904857
682 278.1484762283538 115.70575040798481
683 420.9547264822003 295.3952537297307
684 34.73152149232152 531.9388752578727
685 461.7042626327837 465.99344942818567
686 248.64125796447385 50.65101482465624
687 474.35565876714236 442.5947403455495
688 343.0834012184315 242.11513501974855
689 330.7774847714845 506.865075254285
690 533.5658553428649 585.0849239868287
691 605.7335803872111 329.0738177007805
692 664.4168144989422 322.18815489882775
693 312.9240817278447 158.88356327773803
694 86.88012583590162 366.81946217506754
695 259.4654798545517 307.42351557045424
696 157.4698628578584 76.6773934945641
697 556.459756403121 619.5697448030104
698 572.3474865670506 29.117986470846258
699 634.8236303585048 664.4567460582994
700 575.5377972088845 334.24819178099824
701 458.2796683885016 71.99451956721164
702 28.551857178773226 385.6230712163497
703 246.36583028379388 326.6409397692082
704 26.955658819358145 553.2298721508738
705 223.28220032314633 344.5734691880085
706 559.4072818692155 247.60296880779458
707 234.44952226641877 463.6399945700208
708 478.0254892018623 403.26231158543476
709 284.5029119992935 158.429157127539
710 541.8771389105236 453.28050456892055
711 407.5474765650957 653.0272699545998
712 248.41389991851872 556.1998576681297
713 545.5606272225231 654.4414479193878
714 653.8121824377171 498.8156024813498
715 195.1917498800875 36.423882125541404
716 212.13190505763924 405.51745263694204
717 227.4233864534086 587.297047315597
718 617.1335245381299 332.9363834792536
719 659.433906497755 615.4320778834754
720 9.526204239223334 445.73257004746023
721 618.1229299338361 203.81230568868367
722 119.00558986283943 379.63635490647124
723 510.9538837584811 174.7711994658967
724 513.3986413790235 356.2416121178169
725 385.5379591539253 678.1483743738331
726 16.75826782077562 55.16292733371709
727 140.13085313221768 436.90983955785634
728 650.6245944561208 169.77673675303433
729 244.03139170324212 204.50007640972015
730 100.83140973811778 139.4845247229643
731 205.69739980071026 18.908766465079438
732 441.03712429772014 136.88156921825728
733 231.5507781752721 670.5705984515494
734 643.3887930255222 485.7688130295313
735 365.618221358757 254.92227494143856
736 40.08214007861183 694.3813135638935
737 658.5199083605372 366.9510475714362
738 299.5785532798527 184.5978994234784
739 533.0784291127874 129.9189587108649
740 243.50064173175392 608.3991992035415
741 432.96449976335657 356.71734269547005
742 622.3294513960468 449.1456755092394
743 468.4429300877731 307.992036459384
744 644.0540547404942 672.1259540574412
745 115.90412041467492 311.671371242007
746 657.9336332397121 123.96553760202089
747 427.09884357870516 580.897876691026
748 561.5218772834883 138.35549524225655
749 378.2114158386082 548.9999792436848
750 308.9777913511591 595.0758378972449
751 359.17677210320625 532.2691600868843
752 621.1221978320756 644.4550379322417
753 179.7283864050966 478.3944015217533
754 313.22303234287443 518.6832231072352
755 44.036050410301534 38.91090463344848
756 327.8042592559324 242.78289130660534
757 508.05115633609273 5.480624776142394
758 336.6234043130403 308.00068839717295
759 14.698146056345285 621.9335103135783
760 633.4513437232928 374.2992890120899
761 135.34784720799382 73.833911570951
762 217.45554396888653 659.8850494135053
763 599.709787668874 404.7459684482017
764 440.93187438090865 318.30634484225897
765 352.5081609741458 108.73573811200976
766 130.29175798588807 657.1349004745036
767 622.7545571269949 202.12557293945986
768 423.38677474165854 199.52385298884747
769 83.58599896466573 138.100274197789
770 325.4394325386607 455.3283857117023
771 165.05929146101943 499.0023960724939
772 69.44909832251635 83.8221258630499
773 24.968174118995016 84.11322422009215
774 593.9289827455799 389.0412369813164
775 505.24146821650857 168.3283872583697
776 321.70300684050176 434.9719622181084
777 245.47271763222673 136.62554855810703
778 450.6998150395817 452.401320624282
779 586.2409651580552 224.28530677257604
780 78.26645311956497 246.42559732925943
781 118.02972304609355 674.0755894116267
782 523.0936155813553 68.89742980519097
783 312.353529715518 625.2009573077133
784 609.9392900871103 579.6424177895113
785 185.35859033125303 373.3668643831506
786 407.8470892121341 348.86009348188367
787 252.2295562374008 97.27415298818674
788 433.3436829234663 337.6654884073974
789 338.138042562981 459.78275142673624
790 561.2582920093416 669.4545731405901
791 299.23707640972884 694.4781783527729
792 421.9559947000987 85.53979962956713
793 311.59384687969026 37.36501784648856
794 452.47677841147225 558.2969691864828
795 9.101197913808196 15.050316911227913
796 10.322439763898089 394.97059505085844
797 586.2966985172098 638.7609739917561
798 207.56459455709657 472.071712708921
799 132.97713376897482 543.2454167298923
800 566.0617798520116 336.8893398012203
801 599.3683640671412 367.96586347451205
802 333.4666321936927 155.49184745759084
803 314.25020553362134 417.45307874763876
804 492.2432525458757 516.0182760205829
805 103.50788681734984 341.96526591047825
806 346.026496497911 467.7501670169006
807 218.8386439595747 362.9719111764733
808 493.93139083590074 462.25494978782933
809 243.0086781975942 642.9353096102024
810 664.9663958572929 686.9558923415462
811 78.37340231901092 575.8482504278362
812 538.2436984607457 42.5828803394692
813 410.39818396382356 406.9278103981985
814 174.29454402976208 341.47467991120976
815 164.4119641430635 163.68784549054533
816 538.2018007824042 680.5606809790324
817 596.9202892457325 690.4680814799935
818 214.56980253645492 37.8202831454837
819 228.46398847903765 683.1560269224418
820 107.82501623668405 238.24936434493176
821 245.08845289409447 500.76144609600635
822 327.9223543315556 146.0924667502797
823 111.12010610675799 31.99743600575956
824 319.0204238605411 182.63067310889778
825 283.2876207937659 439.7822277283247
826 229.55574067468717 595.3018622410034
827 195.87360727114122 367.67612715956506
828 448.5303698278669 272.0681015794159
829 361.7337305805973 483.5569651249586
830 404.19396255004517 288.26874967874664
831 551.7379104078035 501.620178441736
832 397.11010937905627 438.7862931872914
833 328.95717090583526 374.6844087187781
834 634.9887979875433 442.3598107892865
835 473.49162670075 305.55673482122194
836 84.06173334210699 209.1518766817481
837 327.3071001918878 39.94306234020846
838 659.2921018094034 177.8260197273078
839 296.8963348936752 577.3064491350135
840 95.78641829934894 231.50022758613366
841 120.97075699767272 430.95159623864237
842 573.6740279862961 253.16010913714027
843 120.15388049574403 257.0607915600218
844 620.938186743098 117.67581630954746
845 460.6769180511549 443.1940473724877
846 127.18853421079123 107.4676074004534
847 342.1904383062597 86.97383482097501
848 591.6529931942986 329.8001453383568
849 21.01297687137794 499.29905645449816
850 254.7239551782683 244.88499300029744
851 334.1686749399596 201.47592257842365
852 466.9473415493104 561.8961308439033
853 488.3047224226231 371.80763869392166
854 259.98313778863496 390.65434356321975
855 491.8421206352965 389.83312982467356
856 129.92637460011068 591.3447323179043
857 190.93919168183317 74.78009917866713
858 403.4419537250467 184.27287417283898
859 277.8571715877493 3.668082974354168
860 390.29942958773944 616.8026599867735
861 646.0212831271247 182.16928000656162
862 271.58836728060015 216.7882412591363
863 534.8589967701342 278.7348302885854
864 574.9231296872621 382.71061038556314
865 10.733425841560056 214.3874443545519
866 323.6027713393715 692.3499301725118
867 319.318477092641 71.43263561986822
868 360.8436170469712 79.25182675675761
869 171.47707370145935 233.68651771567923
870 25.02380348798866 88.08812159062833
871 244.23216542057256 75.1209136401068
872 18.692248628000154 561.351932218385
873 448.08482879978635 425.3940788312082
874 301.58730587553356 577.7378973923699
875 221.42436306198087 544.4890241687458
876 143.34145016655148 605.9643250579627
877 264.8322772857456 643.8557444038329
878 15.486624916425718 460.69520330921114
879 558.3610762984582 215.5817601885392
880 95.07884814376806 344.3860787263999
881 279.85617452433024 672.3571918657069
882 600.7530940828889 386.46139445265965
883 29.662146423766842 69.04212590311178
884 609.5555089434637 508.77189740604206
885 395.7985397429418 14.107042640397895
886 134.33255437026318 454.3934431395275
887 215.24838810519879 302.2488906115753
888 25.986933686001574 657.3596526122022
889 657.6010996894734 422.70796926082306
890 79.28257676026152 575.1007915930778
891 625.5836861562691 130.14127227265323
892 39.69602078230463 421.19099992083227
893 427.0276977614162 503.8890676000791
894 247.2095255337851 495.3295709080555
895 309.45990445749646 373.56234633087263
896 654.6969021065743 261.99455167465493
897 154.7045554569569 0.542763916550241
898 160.96632811954177 279.5212370467029
899 238.56468138258498 538.221093605822
900 579.4357050570964 514.399168190497
901 128.17519065009301 633.6855243848132
902 227.15560539876245 109.03983615495727
903 257.53160433533134 531.0275907195315
904 603.8124505445255 471.7605390849924
905 179.73334064086757 384.23086624117815
906 340.81861048509734 543.5629101038567
907 59.92316898761325 473.44000010427993
908 249.52953463390088 153.15339379566018
909 461.98752070042417 57.195067843008715
910 453.7418740098597 349.0918253976104
911 338.0342991689229 678.500800020205
912 398.10086303616777 538.5815669400897
913 197.356017352092 393.9159362888424
914 391.73541481090933 414.53802462610906
915 422.9179649728684 520.8161676588827
916 503.433015622876 342.95790626304364
917 238.90307465140677 493.8276213498582
918 419.07208866878153 673.4178034864057
919 358.4619009172977 22.694688533769348
920 60.070214905821544 222.137855563896
921 619.2578045444949 51.60347369752293
922 172.4689851416183 309.15059404760797
923 18.62217685817041 426.5454478899955
924 11.579225248872309 185.78878544870688
925 610.1612326829952 362.3634037820402
926 496.04250938027894 456.2629371560904
927 178.40064965371525 199.2895922838908
928 626.117299656683 56.45581958926645
929 221.00137051002142 628.5264792784369
930 70.1607405924874 354.0693570517887
931 506.8600704753488 655.578558611809
932 623.3853128255405 342.76064275448226
933 211.04813120370315 329.85215817246416
934 465.3509268832596 568.7483635390216
935 403.84486851473866 431.4955966623388
936 483.5200756043223 367.708799892852
937 554.8286918084962 325.86609790931436
938 392.29819283762197 375.9999554096297
939 7.889428268202726 372.9953754420715
940 229.97170044756143 505.3500908948717
941 164.81216633052782 453.82874115288143
942 530.7119304125454 461.04880466206043
943 219.4171215100717 529.9123974977489
944 346.3772209052739 97.15189548884248
945 170.03255582577847 695.0586296157478
946 45.122699331839826 487.33365618164225
947 77.79271304955088 631.8694439859813
948 500.8257900034463 360.4841519872383
949 410.76998227661795 510.99935049822636
950 440.92906036121207 231.49294051865394
951 110.11126450263166 140.53275434118385
952 356.1771751553841 698.8062979924196
953 547.6453549546286 260.0725511217475
954 227.94536060470867 510.83378081422404
955 216.50617152345467 471.8526197023758
956 173.0708282095609 185.1088588203851
957 500.6517624506963 350.62916805178673
958 426.1195001344167 305.12452895408524
959 372.8325481919908 213.12029348678976
960 428.8839819770763 5.6619406946525555
961 494.59014341397955 284.50279338960104
962 673.3758539642425 702.5139392791178
963 467.1273856374372 332.09602447575395
964 518.4641543941864 16.314797074868903
965 481.83637804051455 623.9389803172814
966 240.79538171083198 478.2629841958394
967 473.13770794020047 15.115527362240869
968 141.24417786278835 304.6300492377191
969 229.98756265954503 551.0966377148321
970 229.4055399824737 610.9386266695806
971 310.56009609942646 482.7374468677636
972 407.32321130513134 558.7891357792989
973 182.34173092088662 25.126000163584546
974 21.09792167691123 85.60181176746754
975 258.25626420907867 581.6086253133336
976 515.503050796456 56.47525783599014
977 671.4628684917205 259.9427114885182
978 98.21042970805391 639.9464602919605
979 259.00707592086343 447.1862890693716
980 179.91223508789648 559.9784292981982
981 604.8662465027342 637.1633763516654
982 596.995662444739 343.76806825431805
983 667.2042781871673 197.7634901139642
984 624.9653081316031 527.113065763161
985 280.6407405548654 180.9383175424907
986 631.9478198925691 342.5649018825391
987 418.85406706135177 469.12911385444437
988 507.1867645889597 138.27023592640768
989 352.31668657609606 655.2235365529153
990 226.20500552030023 88.6502185723093
991 230.69512928750336 533.0009561199555
992 142.28786991256817 279.579334332801
993 589.7157912981789 88.30397311662792
994 111.21889756522441 120.96307992507552
995 404.29434593278455 457.2557333615369
996 622.2458872885596 578.8855813035506
997 228.87113008366663 133.18794334682852
998 219.82828466141578 12.725704335435879
999 504.8958912597968 591.9407239726435
1000 78.8861466666348 361.6725863786838
