1 229.41855315104618 348.8816583605976
2 286.9452325853255 561.7807613730586
3 189.28004682921642 18.510707762602348
4 204.67296949598088 343.2178738527589
5 435.13593859485354 65.49616415956817
6 510.94092620806555 463.1071367810342
7 13.04544568628097 517.0243274408144
8 260.0966127075616 218.2190778602431
9 153.10003413144233 526.7251968740445
10 374.46843686305334 246.39004277659953
11 271.60289325023933 127.30320081937178
12 272.7516697826855 0.8819037791117829
13 222.30490214371576 135.38699416880021
14 28.637794208977585 106.16818324900895
15 171.13442377307487 175.21047403497823
16 369.985017517641 256.5562433522263
17 512.8465492447173 119.77122509018756
18 515.4698429926842 539.5637315339842
19 125.75620758608984 569.7181610512786
20 404.2338447547595 532.0936145578694
21 48.57155898811304 209.24573250987714
22 395.9766344458199 44.89230731256696
23 106.24735432484867 277.1945724489199
24 405.2799511095114 194.04051654330925
25 306.0890779731503 307.248667042634
26 170.39576209338668 160.03198219342232
27 450.0273695389622 332.3145193129448
28 392.1252444233879 158.05490739559104
29 268.45744225762013 130.9079558716373
30 239.76633486077338 399.20210792972694
31 85.1735832522285 281.38293585479744
32 262.9605816917567 162.41622801130376
33 31.463193313117266 379.8048793932179
34 74.78552714224942 140.37503192894317
35 443.2153038825964 279.7632149935081
36 51.95945798115664 121.8038332850181
37 108.33640122037326 551.9142348215454
38 98.27438324726091 40.85134995183725
39 559.2112289916759 25.45421023250372
40 411.8882699710336 500.46776832191625
41 338.614037309471 118.02865983394656
42 481.9984735387764 281.71577648799496
43 515.1448303400434 166.67234773700417
44 459.83643611391574 222.08720206599168
45 158.16191813178744 176.47556146781747
46 369.6265707607649 527.6138495012987
47 157.61126386882353 514.2733888416304
48 7.394826593417239 509.3645839520157
49 411.6521735641215 563.0324447014902
50 34.88355554024056 333.83496682296914
51 218.55934740569847 410.6164738635315
52 161.1577503933593 289.23396729519555
53 156.19616633700642 129.23588545253017
54 32.3960946904074 20.829017676053216
55 505.3855867548349 452.01829043227144
56 433.57915081585674 430.59668924586975
57 383.6617840032733 30.30312597309018
58 136.780802465637 461.8884130136579
59 283.689660491312 325.0126005175073
60 388.2385416737985 446.68666314608083
61 375.0516176762011 274.38563089071494
62 435.7842022912442 372.8541992749862
63 389.377394330202 254.9205272427174
64 235.13208502999348 62.66554549886155
65 46.93810431480512 538.2677003391349
66 210.68727619647763 140.96520853602038
67 447.1881036560117 540.6931676637853
68 91.73367127002835 444.4447234306781
69 19.69521883379982 367.54287525033726
70 121.212184685013 190.32183155051217
71 186.61718194562374 90.69668132291176
72 60.76519956145857 27.858043290498266
73 448.30342951372694 320.0087966219315
74 176.71573028906764 344.7999366178689
75 237.7648351517935 169.80334443240724
76 553.9274695501042 68.19555497244839
77 372.73894235017116 29.0742493067449
78 443.3744228373019 494.79597666737266
79 224.83662628837607 246.02717028145995
80 142.14169552467467 250.28316235627418
81 61.19140241501864 184.73967406268187
82 120.57418981004648 154.7739050828278
83 140.08509513278352 448.4249132597704
84 388.8247067161485 337.8795437694935
85 367.7973489936981 115.13911617722071
86 503.74185345492214 366.7855636743514
87 237.4769483259989 100.7846918760104
88 335.5808736327188 511.484475483603
89 145.66627458462722 542.488350037912
90 304.49485371724654 98.11495088659649
91 558.4860260368105 258.9875238944003
92 124.10508415653062 56.86888388562511
93 348.05331678643716 47.63641604264967
94 18.59176560453207 34.590246473989204
95 199.6854369941844 2.817804934966564
96 148.09511099761988 507.3448872400322
97 101.31497799601263 255.88551312485635
98 88.14478834486931 478.8935835528594
99 12.980612694801964 421.4360668994912
100 34.81369495575939 20.66922428770502
101 544.8384064948641 549.4266794350231
102 94.29233500404901 244.0845460497555
103 539.8456596244658 31.961782523340638
104 180.22649314440517 265.04496984347253
105 289.1132731692874 467.84685106409756
106 56.92063917463716 140.6361832741374
107 302.8723515085965 436.6929748311573
108 110.08479434240435 286.20541902793724
109 292.5911660645191 48.42702948427705
110 477.3743730840211 485.72341693607643
111 294.17415212119715 519.5897929346355
112 115.29419617713299 61.31362770598735
113 3.0471569338197773 523.7332320589204
114 195.29042089426375 526.8680533287101
115 15.905028193933735 563.8320809011418
116 147.44473905930758 520.5708954753253
117 558.634303890615 494.5332166236253
118 441.7274357337141 372.57505988095977
119 366.72021297416 29.89877424157047
120 417.3893968703234 128.22480130849192
121 45.77374485265079 14.420083884146518
122 121.54537230973321 440.6473989366558
123 161.90570766245867 357.09920095969244
124 261.1875455923578 280.45001957901826
125 333.4863878136978 547.8332125371164
126 161.49171060827285 448.0825885972023
127 148.5366365132628 249.30236878797132
128 2.793973272633625 432.79406609114295
129 454.03732788866836 356.4409328022954
130 524.4815775315959 109.5810755107721
131 443.910645413357 246.6148095107455
132 372.35562973670534 80.97445363919314
133 346.9010706622637 469.6773426729618
134 564.1916871301217 419.7787039661041
135 388.22747781652123 322.45477226803706
136 485.0814460529301 244.12115977130998
137 536.1771505553376 470.3845997974077
138 358.63511305425976 529.8906423952504
139 204.95416627797772 151.43076652070022
140 112.79315648336879 105.22285144409638
141 71.45383065166315 110.11420820815123
142 231.64404359091876 257.7738525902776
143 567.6405822197346 386.4112256332743
144 90.7852738558416 64.36204728091644
145 362.246757121097 11.470241746382465
146 398.32935026001604 93.30444076280396
147 326.1053966626009 563.7616657586484
148 2.7524781076145968 275.66196722932295
149 332.89551309781126 10.571920699596964
150 521.8853405255452 436.7195543707638
151 236.9893933021863 276.4936176717721
152 451.6058429788146 484.71002936451185
153 555.3164272018306 133.42052661003254
154 258.32828678392866 233.17780702855072
155 59.38995764273681 93.06289792574603
156 177.63832461182565 256.2606678277065
157 354.0271696559346 182.9644625800755
158 290.0436010189158 462.4858524466574
159 12.002025620979387 560.2038026041057
160 202.25008970347994 542.669051885525
161 97.46554964111895 354.3644490742838
162 54.34104338801261 338.33577885061607
163 541.828945727739 61.342629054423284
164 388.3050823701431 244.03812500930167
165 405.34177571766224 286.5210110863404
166 549.19061035673 549.8659666722027
167 227.64328187668204 460.3641643303067
168 308.83588913086754 446.93262972564423
169 458.7752475134795 398.63462080580666
170 114.02788751261996 541.1288807424565
171 379.4281018927549 405.75380423672766
172 415.4267001698406 546.2699830723213
173 35.16108776909895 343.5775799157932
174 449.09889614656043 439.9801415167411
175 399.8377089581876 396.335649200469
176 213.83768315290294 368.51044350417055
177 292.18075639655564 430.62381816839337
178 170.9750331863965 70.79297701644062
179 204.23214099263885 342.39027046037177
180 38.458667924515716 229.606348838785
181 187.57853414070166 563.0619475875443
182 330.04466373686023 223.6918548727278
183 354.67431589707365 269.4481516208678
184 554.7144260098361 164.41601447126385
185 462.23260048106926 539.4619279031598
186 47.09259737933167 45.97788972657498
187 447.3031033409772 69.98912124793797
188 564.6465676780085 279.92208948248924
189 326.9103970746157 557.9260267785287
190 105.42410396998307 22.24555347890635
191 446.6514261674396 76.47877676618631
192 137.00040728800914 320.16886111552486
193 212.70440474592485 333.274380089495
194 390.9682923541207 115.05761525377709
195 62.94660247811197 364.7481899376246
196 182.7573741041888 109.00478226980123
197 22.939859750995517 532.8086098754682
198 135.52007303506966 528.901838373947
199 6.481579205698139 274.89426030273523
200 54.065309452444495 389.8131719331616
201 230.18797766324118 74.29064726659016
202 320.7486400335427 108.11687223242332
203 501.5879999318937 352.51249610416147
204 44.64823754845152 289.4970654563739
205 126.56490221532437 148.12329155778366
206 295.0168318574349 117.76455142361459
207 34.81903227010195 468.5894525112754
208 342.37632366774244 372.2732665107214
209 284.4566255817381 206.0118730503342
210 279.85854204748244 116.77854185782832
211 320.1314758735528 42.1650584871639
212 160.64951254116073 354.1990330061669
213 384.4219688351706 499.3917125980603
214 385.69129807553384 256.2017292523412
215 114.63867942374279 135.41964467963768
216 345.50788746425513 157.73289171180596
217 326.89409933599245 131.1990778655633
218 78.28744164771871 433.14063917166135
219 197.85148422238547 463.87915443470223
220 292.9159286005126 533.5953452075843
221 81.83502050395127 337.95730777782455
222 461.81321085913936 41.86198968823586
223 142.524598802393 537.765836130772
224 208.45761914356618 192.82923844682836
225 176.60028509614096 534.487158040611
226 427.75305630301074 489.0616662911976
227 308.72791425941654 553.4710133243887
228 403.36983370721396 275.2645617457683
229 281.6228841355837 559.5112606944649
230 208.773952679792 188.2996708970279
231 289.5185466442523 87.28285651005737
232 350.84033739902907 215.8706229262483
233 372.61483403338974 375.7600573755004
234 235.41867033986398 517.092526410786
235 77.49650910764574 229.2254041855801
236 369.7432568926322 129.00585466756206
237 496.4278655314898 71.46181345483146
238 526.3721907867935 142.7473437013317
239 51.008671046879854 52.79903324685873
240 351.4275695198028 355.8836970021515
241 467.84370232819583 290.6889666113223
242 256.4226086225429 494.23462405125036
243 32.92098868455523 214.82150374064318
244 402.18597985458524 413.847841430326
245 394.82429784254464 500.6231789816038
246 154.4194240045996 72.4376975402087
247 110.07367884054742 287.3539901735566
248 395.4606853171438 301.6845874550892
249 208.064372302747 89.5241546242005
250 213.01365371223852 89.82220242022498
251 314.9109355818362 39.62785408279387
252 154.98542535600703 388.23793013862115
253 524.8439195250894 562.2257063517143
254 232.87187732780404 563.1320677593595
255 424.9325862153158 145.8215577895706
256 414.348580947777 262.27182740662647
257 444.5817541497125 373.02020197881455
258 553.5376541500383 476.2902716621368
259 132.88759421045557 227.69412051924363
260 257.813399417794 499.6950951475033
261 49.46388954624165 414.260278101311
262 466.3606549952934 316.1095196339028
263 556.8629799011323 299.3115722624507
264 69.17827176554256 569.7507744882568
265 56.1194751008363 536.6445599963404
266 542.9649085704409 273.97773550475574
267 180.85177545582778 374.0820917026344
268 250.13680319739152 557.5839137704273
269 375.3551221456536 253.2033481424372
270 358.31342608694524 144.97364604257314
271 233.13330635837656 7.530623724038402
272 437.5186159375794 211.0428510589214
273 53.19212813051141 319.41207380519603
274 420.2817983752741 228.90509632360536
275 273.8302062734742 264.8787993878578
276 81.1292118609219 412.8448509077659
277 63.723688063666934 307.4651393254626
278 71.29166694514353 390.8606451981728
279 431.44300605647163 440.48865575651325
280 241.1805276623623 299.70758999267645
281 253.79126979513862 31.032464978860077
282 460.4100021908232 307.06516290704053
283 514.0109871253828 319.59334864819436
284 304.6941250892857 568.397378617738
285 218.30809290945575 224.78500045273506
286 54.063033768756384 57.40587800823464
287 115.48113525574624 23.119841257871336
288 80.12671496418511 178.96815810810833
289 276.61760502327235 316.1318972017872
290 92.08152316681094 369.1215362758469
291 543.19214740666 497.1764545440992
292 110.11967602014819 143.9327565202466
293 9.495847864986104 429.85742956293797
294 294.88930057010185 241.75244600948292
295 367.8360497182815 409.3086714838754
296 61.36401342452768 182.37186380174796
297 554.4571316748945 24.280105800770016
298 223.0975979506179 131.70912838684922
299 32.97157261196535 241.94601291258948
300 350.7013629449551 496.45383469706235
301 383.64796797377767 13.36821834136385
302 60.51019522737973 125.19970411086366
303 163.11499505455063 471.2784831698555
304 277.1028468009782 460.69852518401285
305 216.27337241435183 487.1805722395382
306 464.66090128007346 419.11272244608364
307 126.18479353826287 328.179896966461
308 397.0876158835229 470.13035546405416
309 200.49068670615668 26.305679785772863
310 126.2775905606283 122.43081517362752
311 111.4017613296386 345.87773485915295
312 407.76854699179313 168.92246095024038
313 146.32594696496986 459.0698536358869
314 136.07865165842475 266.5032088382753
315 386.2145849826247 19.540557805041992
316 561.580396782424 164.43826477892128
317 555.7150212657731 443.1449757349134
318 335.1031104325478 452.9174142216912
319 133.872006020684 366.3176576534792
320 455.31910127037366 162.0185202594836
321 47.070493245819826 326.8170382224741
322 471.3953125399069 466.11848387768845
323 135.47020992931144 134.7187828756354
324 66.1194281284632 339.16647172387997
325 385.66972027483337 240.27785945587257
326 220.54298220722453 0.8142501816089894
327 524.8510068068235 318.18166344049826
328 28.427799225639255 325.74775253906614
329 106.09808024664066 418.27685812528006
330 292.6312626089784 102.46496025690038
331 458.62089653530853 282.89448396529787
332 8.234521160719588 32.57428135895909
333 257.26199389523293 303.43413969495805
334 115.57877876614934 329.65690338916625
335 383.9508747014894 450.97510654051376
336 476.9330748953219 416.28706511074716
337 104.77753124543324 565.2391149901678
338 333.781297818013 102.97122987985117
339 281.2340371547954 287.89430241997525
340 151.7206706547978 121.54949248079087
341 304.8863647599142 290.2299211244892
342 168.65300065507464 252.92365951666912
343 7.637011508048241 523.9171175715746
344 421.27081676358296 114.89774623282872
345 266.0025857144075 62.21333767164495
346 458.43221972245385 350.1696402731659
347 561.9978222572446 362.2256229426118
348 142.29433235675685 514.8580285720798
349 49.705044138946946 39.22978754209852
350 418.38743912254205 139.45960797781098
351 77.88720458878375 34.765412074109264
352 434.03023261077846 301.4085039806981
353 116.6288885174885 24.824561275028877
354 371.25767004577483 374.2856490519979
355 268.4008090545126 317.24068103450503
356 277.84189262324594 425.8571526761359
357 387.773351581967 86.70258742235642
358 494.5171984412766 209.80937345529156
359 226.38434860648493 490.4349669984344
360 543.5052567404888 107.692689096649
361 234.98974561382923 418.9701677689244
362 98.97539645538582 477.4440283062084
363 465.99604455595073 385.7141173409391
364 400.7929952047745 293.40395177842686
365 11.68673092162906 432.3095277591891
366 377.50750765942206 552.3083782448
367 125.67121313703545 273.03859109997813
368 13.526124454361577 342.5269022896796
369 294.1407683664624 62.09533751400867
370 527.2602031078251 140.70122111037685
371 191.1219611072643 508.0432555115142
372 64.04679400551036 484.64588155480584
373 303.9289986492294 130.00809154959947
374 211.3992661475853 282.6494015886837
375 528.8258395852033 135.33252935944424
376 259.0515489652945 406.4140575906353
377 563.1703549929208 455.34812424582105
378 269.1975489519343 297.73912702850726
379 437.2079971208066 85.8469075561242
380 256.944795210147 500.9917209353057
381 79.84660545329001 280.455038338443
382 29.36350198709256 140.72989964598455
383 533.2425901595212 146.56910161923716
384 297.26299075161023 432.7730216520275
385 277.22597756988444 565.1974895787109
386 38.52315243088538 28.847907575983164
387 497.52375355143454 206.7389031046923
388 101.94019742270598 118.53136180487135
389 521.2851115075869 406.02882809261456
390 251.4453320770585 223.422758559504
391 522.8032773988783 397.66543037174006
392 491.3020636491933 354.1372199293558
393 38.59316336148697 15.990220578074272
394 489.4685140488484 556.614740033401
395 129.565224844591 38.91856288698981
396 268.1963810865448 459.12861279803207
397 532.8384723366353 517.3808133950965
398 376.0560842360052 9.612956998806798
399 188.18000940237772 26.868156167966895
400 548.4707671549407 187.16784401111897
401 513.5034074436168 102.05981997503785
402 112.56220055048526 226.85712304662042
403 378.74098505637147 276.99517279254735
404 209.9079680986447 125.87377392307036
405 569.7998217366411 570.1577103300508
406 162.6156804071267 391.24664932846883
407 506.567304997048 4.734293364219808
408 81.20547252503036 105.21320065203993
409 3.112313657620165 43.103768362830515
410 348.72361725765484 226.30653903254938
411 482.9172199519219 185.12204055312432
412 402.59015178588044 429.3278980671511
413 326.6466438107695 460.68613116571044
414 153.9171267520992 554.0497494093474
415 226.55897350724953 232.05611575518463
416 298.357148303349 12.160329762672488
417 342.93242653871187 219.23130385724437
418 445.5476954121383 140.5218939899436
419 312.1062043382049 546.3496421276658
420 123.05152722381972 525.5601850570893
421 313.33192716719475 274.36544258464585
422 105.7456901886543 299.3034458512537
423 323.3629648637831 397.1021996070824
424 237.4279559173855 48.84764938675103
425 216.69743176762063 76.77226332740865
426 104.86889070458533 241.00144169225837
427 34.98747634921349 209.28844455109567
428 227.3351150739662 499.96206641321993
429 157.04446373932032 500.515324114307
430 194.1418201207559 77.82629034805242
431 94.2261007342783 298.36922016137055
432 429.9706322032669 28.262422727145243
433 236.6027285918534 151.2192918620215
434 467.3202694131594 482.61341309655404
435 163.68993120410107 258.5130397745748
436 326.3690262512457 87.92870405412408
437 218.78811036184206 209.90196684613343
438 129.9187907652233 167.43160006450088
439 78.22301893904694 491.6054203054163
440 534.957154285956 375.8066564122084
441 21.872902739222756 478.45342040512435
442 282.4592291008053 505.15095111154017
443 544.3674652224713 64.75368249446636
444 386.59840316104845 188.75037080009258
445 508.41714607055343 351.2856532839251
446 477.8371631838988 425.12864205132377
447 54.17661157776071 112.3152498272185
448 394.40166175016026 280.82566776995515
449 167.86225200202364 260.565836805625
450 156.66621950379127 352.75778509483547
451 299.0224818759828 386.3216920649892
452 166.24862299422975 16.371278951547374
453 49.55598179904403 430.5877434595735
454 164.073080454868 327.8137695968238
455 425.0209698321702 175.1022980489087
456 213.8352125423669 215.74200223358375
457 224.39082733361442 217.5447106842303
458 267.64934713221083 479.955810268858
459 151.0445693248308 67.84458206085846
460 211.63500500747278 478.40282708543435
461 418.81816556371706 309.0790421780541
462 199.25202318387593 160.21290694886045
463 399.2567782424098 40.94147343446657
464 154.12601891820387 521.4373306838798
465 418.63962441250527 468.4840412222401
466 426.85258858044546 185.51378985532827
467 545.1146337634816 362.74243258319046
468 116.11699952345461 329.4670689187129
469 567.1186761076453 536.7541596174857
470 151.8547342362271 201.28430924558245
471 131.83606430286483 506.30447276407233
472 194.1255900874832 352.6877391890297
473 533.2551843838215 526.1500009566453
474 484.31310439050446 485.4848392709676
475 431.86333387023035 562.9843476117148
476 58.05958053401194 270.3170178923764
477 399.1811037689694 362.13108308424097
478 264.20164416913934 485.36514712952487
479 235.12629740417051 60.214335193192866
480 550.6341204969801 132.44334780705435
481 237.06558335284677 546.1436436094795
482 216.4875000373526 261.518104713092
483 441.69904121164353 107.57128687777212
484 174.42608820102245 393.7944927649666
485 219.03360908630708 2.3107078704067616
486 329.71808944289296 279.3007755419933
487 92.42147955856579 53.18305644736406
488 77.24407432449033 358.6095090791475
489 8.927452283654935 109.36168621971251
490 129.51412149234366 283.3837602256356
491 420.53384454964646 13.402770286111014
492 348.44357921962825 423.998049749434
493 338.8956643303923 16.95425179287148
494 201.86943338863531 424.34732477706245
495 417.37585354132324 171.54107895589604
496 377.3854559903666 484.6277735733244
497 76.26278149844917 549.0833235061525
498 26.483461680270988 506.7722929963479
499 208.70516082401238 479.7366461856528
500 124.8473461037492 172.37755409103434
501 564.9621621783531 362.4613180343277
502 502.2986097208662 241.4903545040548
503 32.088976926626664 533.6203189519488
504 447.41904063247904 450.140009863514
505 519.7136469163651 231.2958313255311
506 209.10548043374865 92.74028117800512
507 511.66481567149515 105.06217004812908
508 185.17196607147127 497.0090164333611
509 419.5652071867634 557.6176543724079
510 376.73802829938126 164.07387690596317
511 329.03519699248596 388.91060160094383
512 471.85299720807694 567.9301129251099
513 538.4606487106333 249.73513017263534
514 443.38493288315993 435.0565625735445
515 138.02030886334575 437.6849136239857
516 512.6996841707387 471.2442559189096
517 386.20722783950157 101.951144114916
518 34.01950371028998 78.86020863652946
519 513.7227336816514 4.025054020985349
520 159.51595850665328 53.39684951485248
521 27.633139755665105 211.62809945031754
522 413.7198628278699 31.553984707163075
523 205.18706495636843 116.06929898690899
524 117.45541992479993 208.10760284803808
525 453.05010747581275 5.557288678587189
526 332.85846071478295 531.8632218161642
527 531.1972573514443 296.653885457425
528 501.9841520755919 207.88593495991108
529 316.38313233981364 430.59794523376826
530 232.95575526221265 378.48532473080445
531 128.49720882077153 67.9670141131526
532 326.70247020778015 466.57471289075795
533 252.26250151303933 564.0811176984618
534 275.89289444703115 215.11980250609716
535 503.1444062937046 503.76023967584536
536 72.96496951864547 519.4791190945356
537 342.20778636531105 507.8528764871559
538 148.91510070548526 273.84039079378226
539 4.932324050962647 16.82539407281955
540 467.6936436293902 471.00218263451063
541 508.7318397987219 245.16871021514086
542 146.30077154534314 325.7865379899255
543 400.00659694848474 467.85349881662916
544 479.8039540358286 562.6572097389068
545 7.752626552574021 312.98592822674533
546 306.88269553025435 571.1598122159123
547 510.18234118872294 321.9074279538032
548 553.844780682844 527.5429362218852
549 354.76510669971157 552.7009730325968
550 259.72438162617215 53.60795619748374
551 234.60738890799902 384.9972552152966
552 53.091934982280975 540.4944379069238
553 119.83732017836384 215.5951570547638
554 281.55323689087265 204.84707504216198
555 22.537131437000806 278.25856588512255
556 374.0723631129066 563.6828304378199
557 538.0497955988251 552.348825666492
558 201.89060392992948 85.72484509654018
559 490.7900913852943 18.327976976216316
560 126.31722751077314 183.13020668584477
561 343.1711198802601 281.47053253076524
562 383.8954642641661 375.94764645225604
563 146.85624988690108 32.862853724711556
564 428.6709918238697 29.718605370840706
565 203.6558879512549 237.44782581578696
566 557.3815204521519 102.39111989699325
567 208.62923727069074 525.8750224410693
568 126.60482787670412 296.324131047774
569 39.147149810677746 437.12340514066904
570 445.5308936420985 9.426284834622768
571 443.5542310385507 105.66073606908128
572 414.32877082908993 20.938466178840546
573 142.28494077375137 426.2829927394922
574 540.2054208156201 282.47889779921184
575 461.5387987998826 28.8172973531519
576 98.61832736687597 376.25889550855123
577 557.2481403101597 171.3900999490237
578 378.0290385694108 516.9262898757236
579 411.6900035594568 519.2042291935006
580 128.66960476190556 464.1625892428126
581 185.54717540964194 49.544892262412326
582 407.46577873252596 234.9366399120589
583 333.0707962773826 381.65242707849796
584 61.365949472990316 19.44104913430867
585 97.76588610194126 350.392895354247
586 501.66497701049593 113.5047340867968
587 417.85000044892826 395.7108603565323
588 215.88113852903084 97.49354424342158
589 202.55094483328196 274.3293668542553
590 347.81767376721115 222.51325383300522
591 4.571365105604539 240.20618827300066
592 495.31289480067113 406.4017040947437
593 340.8971618378409 562.0232806964843
594 211.17185213889877 302.3866385471886
595 138.35732217134012 25.292092139619168
596 174.98707622570578 102.03798593912563
597 400.40265968642876 293.2343824389226
598 142.11363797418088 383.9425908713502
599 353.4359760383336 476.569255580629
600 235.38484570648703 420.37645612191375
601 490.2710403200695 291.3048287884464
602 421.86421444180047 196.17291732714457
603 531.1701357026591 539.0433468603419
604 220.11382551883105 221.7047293886627
605 69.13661832162019 522.5079159987894
606 455.7192686820419 530.8717850168576
607 494.4309644200716 471.93358682628065
608 78.17326794867428 282.38156617251065
609 217.91775887943865 205.3375386649458
610 341.84774249418376 143.53020220880865
611 456.17145641966727 328.23447349421855
612 403.40147006283223 252.49635028816573
613 214.4508787755277 327.829998234471
614 319.12284517990855 233.27956943800126
615 426.41827425723017 458.7745570262164
616 357.1101825327772 393.77683649651004
617 337.4339374943425 399.03305312693163
618 316.5475496870689 62.423406552846785
619 263.0697102866256 518.5100703436983
620 151.9873778504286 317.45872643513195
621 50.97743447492115 296.6087928183757
622 251.1233521843853 52.145821916225955
623 476.1727371446194 466.0067734196401
624 220.93622200889772 252.62830494228373
625 345.8637561508418 467.9533801106443
626 145.29677182857247 208.74119899711332
627 27.690806957196756 320.1012200323555
628 224.5167231247779 213.54250396940543
629 248.2932044568017 182.92569892622134
630 424.3384427806317 198.07414332579106
631 117.73311477527359 160.91904369912731
632 47.92916113472304 20.154110759204748
633 569.619675169928 549.492463647254
634 32.322136547662346 86.50867594094855
635 171.98539289941448 288.0322632099516
636 497.82999272310735 406.6597051557983
637 37.46529316846393 253.97951976755786
638 462.38236388727864 337.1655285532251
639 464.688961451858 446.6496891291342
640 406.5432659959058 443.44783791338415
641 33.14512719104006 183.6094203480385
642 447.71140064576775 366.00039076929676
643 170.34926227814015 38.39845747261139
644 173.17749990159948 381.1299116893695
645 497.3500624511309 26.70195246245847
646 9.233229753084247 257.8896154126226
647 408.13178185656125 231.36684890249305
648 140.9005793156185 275.71836603396633
649 77.59079093663567 431.9341827734706
650 38.88222020571685 80.9034838199731
651 212.6459075003071 439.5939508920772
652 115.46720809830781 354.84379376926944
653 555.4527331256209 405.87223775849384
654 357.28326418501604 540.1921833711484
655 438.4507348389283 105.55592974832453
656 170.48402839232062 67.910918126846
657 264.3111812526163 381.38039134296514
658 473.85008453612625 268.4257055099843
659 380.5552678779109 259.6107687254575
660 163.20924054776393 348.81632559856916
661 314.51458143033904 349.86598186524276
662 544.7220396870167 78.04834078465122
663 112.7925300041304 45.99713590033285
664 111.826118105644 22.800250120214667
665 28.374675780903157 341.1751101134168
666 167.20669577860014 25.916399507391247
667 488.6769074673836 150.82524690063525
668 290.4546641345459 332.4276443318012
669 531.5822948271862 372.9475551139654
670 241.4720938878526 474.340966533751
671 341.4311489640052 20.298246299759043
672 41.41253813977363 212.9130879746186
673 65.72426491913828 569.4107105070256
674 94.77985273012524 155.4472131606021
675 303.8940099238345 518.3478867469644
676 177.35253763540038 13.083220990113002
677 255.0139184889322 2.6894120406163196
678 542.3792921799227 419.09580998669276
679 465.77572135887084 343.1917535539331
680 237.46382980737482 13.489310774604473
681 302.56058055460306 395.4319785702993
682 209.96450556042578 369.92069591286264
683 429.4918622988697 428.2792523775927
684 340.7534468703852 274.06913026293347
685 354.74496765596336 356.41258785351243
686 89.21659684476467 375.08630500268225
687 155.2881743130854 353.32776017751934
688 333.0624816898219 471.7800330372585
689 463.3103609022608 314.34173077706
690 499.9051041111707 79.5866245851165
691 129.6154919347097 132.1552810464915
692 527.4574703447902 249.27472572946982
693 53.60862198938189 100.2468059129675
694 559.6814421956866 109.33221708369605
695 106.94761752883723 276.8757815396203
696 459.06674258896703 166.31010042096636
697 85.75194962486967 469.78978946996705
698 92.1795497159243 182.68256576980122
699 402.3773328090836 51.239342418727375
700 240.49551459628307 53.66231198347588
701 497.8899965347921 534.7636084261882
702 36.3764080318029 234.38641276018467
703 114.79432533302112 266.60754877442247
704 79.40906975769519 300.0590849886812
705 561.7392628793073 391.35827968116854
706 428.34727604610976 421.37850555590217
707 555.3823895960219 514.4665530557829
708 538.9637377438288 295.61897949700017
709 182.96052417393201 55.67725132352967
710 326.6788603148073 30.5598961721811
711 525.9159009496636 337.75893929761776
712 535.1420623650226 421.0696896702076
713 322.226379756714 272.79696652045436
714 185.14261650934245 31.875316313495166
715 29.90342263925638 246.26461038317746
716 522.0610808794639 374.96661094867045
717 283.08128972923436 31.148222298566516
718 443.63313077231663 422.9498019826792
719 493.5261293147189 341.9100650460258
720 123.9864617876749 514.4375030503611
721 69.70784776547013 69.81036046125281
722 565.3887371765401 257.3887375887068
723 30.32999030074477 188.0861500184441
724 243.562302427077 432.9429269158454
725 117.32552833164304 54.15446331234602
726 26.823099932837216 376.8686342231635
727 189.47304006152046 265.13710113239074
728 337.4571124528477 19.309772224783313
729 8.985803424729319 138.6949485043809
730 44.609000626096 422.6613132320733
731 88.50256315694773 344.7434606205457
732 29.455059030464447 370.3184220251475
733 227.7223051877603 31.406152860754002
734 384.0061532789553 165.5987083534625
735 386.8264137722466 564.1821527890254
736 49.595303851343836 354.72841087710003
737 249.50928368571772 267.0356316163906
738 60.34595741461989 451.41905959647335
739 163.1899724332537 246.93251787271848
740 496.14294424000275 227.45480023548663
741 177.4149769609842 234.93911146839855
742 2.0800745440148956 346.5774306712815
743 272.0253032966551 536.8652969021787
744 290.2920536949572 362.9301274069767
745 81.88384252597447 245.25220273541692
746 157.17766600669216 380.4006093256426
747 539.3864808779097 453.66309524104463
748 117.78652716076168 495.03624506349223
749 523.119059637187 175.1480903464423
750 284.5239802164483 167.3114744654445
751 75.93503820675804 165.55913853730638
752 408.13968376975527 414.05761423593026
753 425.95334983318685 547.727346181876
754 63.532982620191945 18.749537060799597
755 386.9090734912309 228.28194711301603
756 370.05373650356927 351.69783167373294
757 80.58195717851666 16.55807085661433
758 28.302979007865925 267.3329084947326
759 215.50352762478823 567.412929245666
760 233.97848051409002 0.8351163892610158
761 569.1564524967185 547.232694309656
762 391.99547399930475 184.0384288831614
763 421.6706535100057 261.95386435628166
764 401.19083525565054 412.3859908705013
765 229.27671555885928 242.52793198319196
766 127.24663346001697 229.8249881892226
767 97.44461434553166 475.04283417402524
768 509.8151895839176 559.6106442708596
769 368.4030392713573 273.9809761054916
770 530.6281057618917 76.10427831293865
771 215.34477492167318 425.72095962798414
772 425.4768393352871 541.0790339739547
773 499.1890908726511 427.64766044012987
774 452.81288727761563 429.2898991772227
775 308.36388440567487 484.09040814963805
776 150.645505590278 63.84043826643337
777 180.14708299634884 280.48361875045697
778 314.66901113062414 235.06754965405398
779 180.69339356051202 279.99024221777694
780 373.86785004199965 456.7175850880709
781 50.86474062220958 266.61980974086754
782 85.48256942094895 446.4083762926615
783 456.0030495381107 468.7100542776524
784 366.45233789715286 286.5362475138195
785 524.1100011854579 470.97507914305686
786 35.22210820503721 492.1476314246598
787 497.23375422378456 337.67351635409125
788 391.1814941154405 556.0617381198936
789 178.32764165999097 283.34202559028813
790 37.30425322200925 61.4190536190953
791 396.9268021496011 183.86554280282965
792 460.2258019751542 110.0808435682815
793 48.187276768519176 471.68718186572016
794 217.4100118337923 69.61758280362554
795 128.67290954976872 359.6814753314229
796 28.393043966429268 377.1913890754559
797 99.54614252152454 216.41440706661785
798 157.2785685551573 249.7340984680244
799 553.2497534148933 478.15172511303103
800 486.1588928957127 359.99157385369256
801 102.84905311371585 110.70495296306672
802 308.50877928211173 116.1516363506139
803 229.5115684727465 121.59227214164541
804 427.4454196472765 142.47033996332556
805 72.62643130908359 519.8923511103578
806 246.85373087419273 458.4931296146673
807 458.9235145106689 250.82903566050405
808 167.76044196463778 411.1261242870105
809 167.8936248809318 293.6576516582754
810 0.47978285081395 376.2081294604082
811 194.58517796677984 75.21142662395039
812 44.28843915267801 514.6611101928571
813 91.50135699060813 395.44962051143455
814 515.1430917562616 465.4127217374532
815 405.97241621889117 316.9647552384494
816 92.2482149889775 20.254909033578933
817 461.68184571922984 553.9468553032694
818 35.47020516684513 12.327515752109177
819 389.72241199419057 473.7543281641066
820 240.27523560618232 279.936625375449
821 177.47745406963628 84.80155015023038
822 514.3844123728064 236.09633862472327
823 174.31539262330708 154.24980204342626
824 310.8331105046844 373.67204415453625
825 559.6070514767353 433.8541933759835
826 488.8282125074968 4.062111663197082
827 390.2753162620197 391.9200066641446
828 400.8793675242836 259.14650349530433
829 261.18569662184507 266.045880989484
830 280.0557688263033 356.0880313476192
831 288.5497399135343 412.9077741736192
832 69.30976819785592 56.039407375551754
833 38.163178115264444 402.723138912653
834 254.04768094436875 539.7023781568207
835 462.84534141352515 362.15425676957125
836 57.83436607274774 565.9210015240378
837 514.4167071865331 557.697128170313
838 524.2203193553689 461.38658226223066
839 358.3208429043746 24.801510864241184
840 101.4206322848161 539.4027715710163
841 285.13109166222756 308.4390363321255
842 308.08385772219526 557.1422907004513
843 273.8418853323697 325.74477075272694
844 279.3719392111643 85.47743105034704
845 126.38580989791257 279.2052407260409
846 449.632068978578 533.7329968644328
847 518.640881451357 220.64676485025032
848 322.65702506628725 295.85953493527506
849 313.5458657506539 228.5201482412726
850 156.78137103164877 292.6450659843562
851 268.2496959367403 55.09070524504296
852 31.15690438004465 177.9052563949076
853 540.791008342581 36.689999627073725
854 346.9397850299163 194.35850119115955
855 526.7803703013702 283.88644898217564
856 86.83370959308593 147.9206693790652
857 44.638536935838985 572.0292196385784
858 352.6210648049975 253.67383201262436
859 275.22880016249974 43.370997271602235
860 400.12492506531294 297.0202231031358
861 261.4576249685658 412.5930179835707
862 93.69140689323355 289.9984998837667
863 240.1478084584716 212.6718660038787
864 145.95677947428126 105.06139777957739
865 459.4936228751646 1.036724705317817
866 484.5268497012896 337.0855739535816
867 210.9364277164057 285.3278971754437
868 351.095183914212 123.72675180967782
869 421.63225049428746 335.5306796048889
870 144.48853753875633 187.33725216672178
871 42.69001762009206 271.0713300088111
872 297.0217953414468 567.8771531136604
873 332.9292095799425 45.50104836885389
874 375.05665775922137 523.9567725399435
875 300.1291629665957 97.95656978656861
876 346.28599633933527 485.03837560205767
877 202.9023991063353 569.1683989711111
878 141.90235940684906 222.25568331009273
879 360.33283695116006 5.789302498116217
880 451.0659907638666 170.99485353235534
881 149.85774205711564 95.1039501416333
882 187.5751796161523 2.2500628152784636
883 530.0523446334577 412.36924034317514
884 362.54006495290093 482.47294440167866
885 152.83081206918754 11.206959998510808
886 18.539674784688973 430.0173950392419
887 551.9554533690017 449.6945204548408
888 254.0855657093947 283.61923841865615
889 311.92155400218917 229.5177712376026
890 302.8888792509879 156.14225362696482
891 196.09675571555644 235.47644672245588
892 41.58318054978842 276.19492008937436
893 509.09805265239055 546.4345420158303
894 438.831155529535 422.7057513220806
895 327.32676062290017 65.78452824527945
896 411.24604246448393 423.7604096118896
897 223.75286929535292 150.7021115182615
898 105.86297059479716 258.1191799115188
899 117.66406290927087 162.90218134815942
900 113.8359259106397 78.53233627601124
901 546.5163106363237 129.83159051328792
902 2.1002745745705 127.65855068319058
903 540.5755161096761 175.54069950174033
904 271.0100754570005 330.09632271199223
905 264.31251877458584 228.55807069322316
906 552.4091586128759 462.7764948007767
907 361.9041765197047 61.71610528361367
908 225.38932367618673 223.18163185848397
909 379.3817941504758 148.8155029391597
910 380.15862792319115 528.1389653902042
911 207.76595337043042 120.16780747081282
912 550.4799618422658 390.11285826922284
913 53.95773345365707 366.1342232945164
914 489.572859183946 365.9242390044753
915 64.67426361483325 369.3551667684309
916 330.48137682963505 306.32415342196543
917 348.7767013244182 443.03073795438945
918 194.36475107644063 112.43730945884059
919 348.8375737200681 188.70178727484992
920 28.70980158560175 138.26778779503317
921 179.5755528896545 405.68267687351636
922 193.91289006022453 285.3381501165806
923 208.20003745317103 424.8993729211058
924 206.09836386413104 548.4453996500288
925 0.27497253441363745 15.667505324504312
926 265.1308874094106 485.3277889723459
927 42.74172730881903 4.076259785966758
928 246.1670796632727 262.9989323391565
929 215.44521607553193 71.78926441212508
930 381.9414683148281 396.8443662086178
931 474.14141888537034 416.53693176119447
932 240.1290940794407 510.54368769897064
933 376.4672359364773 287.5186372382147
934 465.8280662558382 245.35948469411895
935 452.91626698150935 95.99790248871929
936 161.2552912779615 393.72649650494856
937 202.1662784784035 455.35363227402564
938 417.03940613891314 302.0211670258935
939 199.33446161418962 361.38366683173984
940 341.64410540347006 31.04152745590453
941 170.01992012131734 302.3872528894451
942 500.30885400295716 314.53218993610193
943 492.97011731079783 76.79538192957479
944 531.9468339591834 396.69976565145015
945 140.276530754885 454.5842198179536
946 10.248902933626422 458.78605867362944
947 282.78090042199466 411.46198038606894
948 124.72777111397212 379.6235243345633
949 348.43607727900877 200.30649345410438
950 306.6455766294604 396.34351051463545
951 462.7058225082836 4.077175810189107
952 546.4247300081752 313.37492301773017
953 77.00089664250115 481.91743300830785
954 117.54148452276719 36.04803201333105
955 27.522805398696338 482.0638000267164
956 79.37001921124018 189.18055551887923
957 347.40275691902275 77.154689121823
958 373.5776600007726 16.13172153053679
959 189.28684186096817 63.88518648747855
960 167.92600934575117 372.5927192077925
961 499.6378686290554 555.4439812561692
962 455.120210823121 66.28955594087164
963 90.64755566208838 61.258359244697495
964 5.002371285360305 192.29182858889558
965 443.892072239437 241.99370283549302
966 537.2005394042918 422.41604858656495
967 554.8470956986341 5.6127076982658375
968 458.46324588058525 217.79485353296926
969 457.1422612100911 503.69293207327956
970 222.10573957552313 159.67672311155687
971 368.1776885480105 204.32089736390878
972 150.05446441550373 445.78334918411963
973 281.74457955113974 295.84698657425156
974 409.32445476494627 192.89183734618754
975 102.23237221339306 332.46277882712997
976 448.9568781821608 498.06966263600174
977 572.2410765841969 279.9970482621654
978 25.151985586522706 516.0991646710064
979 550.1695409850756 556.7394868638174
980 187.14180951266496 62.2428328010726
981 139.08456689825505 180.70832950024516
982 5.035787939821321 289.03428809872463
983 184.06641665172344 381.1337431701973
984 10.06268318381475 239.19214664285417
985 343.8239727888098 100.18599557093626
986 134.60255580059015 361.27509604114346
987 194.59228123190655 279.66506964445955
988 321.2870645165285 307.25195382838046
989 67.17851757644355 49.990403959091
990 282.96732993034186 525.3274872482665
991 33.06636413539744 447.07481928376603
992 415.38403031347116 13.537762236221662
993 339.86681012117873 117.35365043823285
994 515.5636199882755 535.7714426410537
995 325.4418476721387 301.5211612901635
996 233.77262087931814 470.94883371101156
997 52.16469784807981 391.6816455587368
998 446.8494518694675 334.5352375697315
999 375.6829231602629 226.46156591749772
1000 18.62734579718863 317.48308928694286
