1000 25 0.1 57 750 28000100
1000 25 0.2 123 983 21735100
1000 25 0.30000000000000004 182 996 19074000
1000 25 0.4 235 1000 20617500
1000 25 0.5 302 1000 24186900
1000 25 0.6 357 1000 19385000
1000 25 0.7 421 1000 15928200
1000 25 0.7999999999999999 474 1000 20303100
1000 25 0.8999999999999999 538 1000 26264200
1000 25 0.9999999999999999 600 1000 29113300
1000 50 0.1 236 989 47082500
1000 50 0.2 491 1000 52194200
1000 50 0.30000000000000004 742 1000 48191100
1000 50 0.4 980 1000 54513300
1000 50 0.5 1229 1000 66798800
1000 50 0.6 1464 1000 75515700
1000 50 0.7 1713 1000 98252300
1000 50 0.7999999999999999 1954 1000 104609500
1000 50 0.8999999999999999 2206 1000 116152100
1000 50 0.9999999999999999 2450 1000 124368100
1000 75 0.1 565 1000 85350900
1000 75 0.2 1110 1000 100870800
1000 75 0.30000000000000004 1665 1000 127718200
1000 75 0.4 2223 1000 163797000
1000 75 0.5 2775 1000 197064700
1000 75 0.6 3332 1000 228839200
1000 75 0.7 3887 1000 260991700
1000 75 0.7999999999999999 4436 1000 335187600
1000 75 0.8999999999999999 4993 1000 330645900
1000 75 0.9999999999999999 5550 1000 357540300
1000 100 0.1 985 1000 159327500
1000 100 0.2 1978 1000 202747200
1000 100 0.30000000000000004 2967 1000 267073300
1000 100 0.4 3957 1000 337234500
1000 100 0.5 4946 1000 389824300
1000 100 0.6 5937 1000 448250200
1000 100 0.7 6927 1000 523115700
1000 100 0.7999999999999999 7918 1000 611023700
1000 100 0.8999999999999999 8911 1000 669371800
1000 100 0.9999999999999999 9900 1000 727123900
1000 125 0.1 1550 1000 249644300
1000 125 0.2 3102 1000 340594700
1000 125 0.30000000000000004 4638 1000 441413800
1000 125 0.4 6193 1000 558261900
1000 125 0.5 7749 1000 659970400
1000 125 0.6 9301 1000 779441700
1000 125 0.7 10851 1000 965018500
1000 125 0.7999999999999999 12401 1000 1077090400
1000 125 0.8999999999999999 13949 1000 1234306600
1000 125 0.9999999999999999 15500 1000 1396724600
1000 150 0.1 2229 1000 384040100
1000 150 0.2 4475 1000 518941500
1000 150 0.30000000000000004 6706 1000 672299200
1000 150 0.4 8938 1000 853819700
1000 150 0.5 11172 1000 1015171200
1000 150 0.6 13414 1000 1236083100
1000 150 0.7 15642 1000 1515378300
1000 150 0.7999999999999999 17883 1000 1762811100
1000 150 0.8999999999999999 20113 1000 1978265100
1000 150 0.9999999999999999 22350 1000 2257278500
1000 175 0.1 3040 1000 542934000
1000 175 0.2 6086 1000 700862700
1000 175 0.30000000000000004 9129 1000 975088400
1000 175 0.4 12175 1000 1230957700
1000 175 0.5 15223 1000 1552431600
1000 175 0.6 18269 1000 1871377800
1000 175 0.7 21316 1000 2238469200
1000 175 0.7999999999999999 24352 1000 2687304400
1000 175 0.8999999999999999 27403 1000 3176942800
1000 175 0.9999999999999999 30450 1000 3534279000
1000 200 0.1 3981 1000 695176100
1000 200 0.2 7958 1000 988905600
1000 200 0.30000000000000004 11938 1000 1311981600
1000 200 0.4 15919 1000 1733870500
1000 200 0.5 19899 1000 2155796100
1000 200 0.6 23878 1000 2556061400
1000 200 0.7 27864 1000 3111791800
1000 200 0.7999999999999999 31838 1000 3818902400
1000 200 0.8999999999999999 35826 1000 4487063400
1000 200 0.9999999999999999 39800 1000 5134806800
1000 225 0.1 5040 1000 916780300
1000 225 0.2 10079 1000 1239052400
1000 225 0.30000000000000004 15114 1000 1734967600
1000 225 0.4 20162 1000 2353223100
1000 225 0.5 25205 1000 2867490700
1000 225 0.6 30240 1000 3620820800
1000 225 0.7 35273 1000 4487006300
1000 225 0.7999999999999999 40311 1000 5402113700
1000 225 0.8999999999999999 45361 1000 6497807900
1000 225 0.9999999999999999 50400 1000 7498631900
1000 250 0.1 6219 1000 1148127600
1000 250 0.2 12454 1000 1725318100
1000 250 0.30000000000000004 18674 1000 2354464900
1000 250 0.4 24894 1000 3159863900
1000 250 0.5 31126 1000 4082355600
1000 250 0.6 37355 1000 4894212600
1000 250 0.7 43568 1000 5951129300
1000 250 0.7999999999999999 49801 1000 7210806900
1000 250 0.8999999999999999 56026 1000 8872480500
1000 250 0.9999999999999999 62250 1000 9979425100
1000 275 0.1 7536 1000 1347556700
1000 275 0.2 15068 1000 2057595900
1000 275 0.30000000000000004 22603 1000 2881603500
1000 275 0.4 30124 1000 3971019700
1000 275 0.5 37687 1000 5190102500
1000 275 0.6 45205 1000 6396945800
1000 275 0.7 52746 1000 8110699600
1000 275 0.7999999999999999 60280 1000 9535407100
1000 275 0.8999999999999999 67812 1000 12479323700
1000 275 0.9999999999999999 75350 1000 14743827800
1000 300 0.1 8969 1000 1663774100
1000 300 0.2 17936 1000 2576551200
1000 300 0.30000000000000004 26911 1000 3559550800
1000 300 0.4 35884 1000 5038679100
1000 300 0.5 44850 1000 6186528600
1000 300 0.6 53821 1000 7847319200
1000 300 0.7 62783 1000 10402394500
1000 300 0.7999999999999999 71750 1000 12581220600
1000 300 0.8999999999999999 80738 1000 15390188300
1000 300 0.9999999999999999 89700 1000 18817753900
1000 325 0.1 10524 1000 1949213400
1000 325 0.2 21068 1000 2970691400
1000 325 0.30000000000000004 31595 1000 4202603800
1000 325 0.4 42132 1000 5761307500
1000 325 0.5 52656 1000 7687971300
1000 325 0.6 63171 1000 9835625600
1000 325 0.7 73718 1000 12717554100
1000 325 0.7999999999999999 84242 1000 16211417300
1000 325 0.8999999999999999 94762 1000 20163664100
1000 325 0.9999999999999999 105300 1000 24665261800
1000 350 0.1 12218 1000 2464777400
1000 350 0.2 24427 1000 3611110400
1000 350 0.30000000000000004 36643 1000 5137873300
1000 350 0.4 48859 1000 7514910300
1000 350 0.5 61083 1000 9883812200
1000 350 0.6 73285 1000 12720427900
1000 350 0.7 85501 1000 16542665600
1000 350 0.7999999999999999 97714 1000 20586602700
1000 350 0.8999999999999999 109930 1000 26009439400
1000 350 0.9999999999999999 122150 1000 32374412400
1000 375 0.1 14026 1000 2734087800
1000 375 0.2 28048 1000 4178345700
1000 375 0.30000000000000004 42076 1000 5923332400
1000 375 0.4 56097 1000 8659524400
1000 375 0.5 70122 1000 11996210200
1000 375 0.6 84147 1000 16142863700
1000 375 0.7 98170 1000 21654500600
1000 375 0.7999999999999999 112193 1000 25591658800
1000 375 0.8999999999999999 126226 1000 33418858700
1000 375 0.9999999999999999 140250 1000 40425452200
1000 400 0.1 15961 1000 2973668200
1000 400 0.2 31921 1000 4743277800
1000 400 0.30000000000000004 47884 1000 6985306200
1000 400 0.4 63832 1000 9808824900
1000 400 0.5 79795 1000 13870111500
1000 400 0.6 95760 1000 19222446800
1000 400 0.7 111724 1000 25556492000
1000 400 0.7999999999999999 127675 1000 31518330500
1000 400 0.8999999999999999 143642 1000 39087309000
1000 400 0.9999999999999999 159600 1000 49278008800
1000 425 0.1 18025 1000 3629579900
1000 425 0.2 36041 1000 5635359500
1000 425 0.30000000000000004 54064 1000 8290227200
1000 425 0.4 72075 1000 12028503900
1000 425 0.5 90116 1000 17286732900
1000 425 0.6 108139 1000 24197176100
1000 425 0.7 126133 1000 31253185000
1000 425 0.7999999999999999 144164 1000 37625471800
1000 425 0.8999999999999999 162174 1000 48590698400
1000 425 0.9999999999999999 180200 1000 59114690700
1000 450 0.1 20218 1000 3868434600
1000 450 0.2 40412 1000 6240679700
1000 450 0.30000000000000004 60620 1000 9621500100
1000 450 0.4 80821 1000 14020372300
1000 450 0.5 101039 1000 21121283900
1000 450 0.6 121237 1000 29003365300
1000 450 0.7 141445 1000 38187130700
1000 450 0.7999999999999999 161658 1000 48740634000
1000 450 0.8999999999999999 181840 1000 57727400100
1000 450 0.9999999999999999 202050 1000 70309422500
1000 475 0.1 22519 1000 4273989200
1000 475 0.2 45038 1000 7009917800
1000 475 0.30000000000000004 67548 1000 10981607600
1000 475 0.4 90076 1000 16792053300
1000 475 0.5 112575 1000 24545865900
1000 475 0.6 135101 1000 33956097000
1000 475 0.7 157604 1000 45334406600
1000 475 0.7999999999999999 180120 1000 56213847800
1000 475 0.8999999999999999 202645 1000 68827654000
1000 475 0.9999999999999999 225150 1000 82370527100
1000 500 0.1 24951 1000 4765821500
1000 500 0.2 49892 1000 7746606500
1000 500 0.30000000000000004 74848 1000 12415851600
1000 500 0.4 99797 1000 19735083200
1000 500 0.5 124751 1000 29171961100
1000 500 0.6 149711 1000 40693176000
1000 500 0.7 174653 1000 49460954700
1000 500 0.7999999999999999 199614 1000 66851039400
1000 500 0.8999999999999999 224553 1000 79123360900
1000 500 0.9999999999999999 249500 1000 95417208200
