1000 25 0.1 57 750 18027800
1000 25 0.2 123 983 16316700
1000 25 0.30000000000000004 182 996 14729800
1000 25 0.4 235 1000 17634200
1000 25 0.5 302 1000 21192100
1000 25 0.6 357 1000 16991300
1000 25 0.7 421 1000 14246500
1000 25 0.7999999999999999 474 1000 18467000
1000 25 0.8999999999999999 538 1000 24255900
1000 25 0.9999999999999999 600 1000 27205800
1000 50 0.1 236 989 40972400
1000 50 0.2 491 1000 46585400
1000 50 0.30000000000000004 742 1000 43780400
1000 50 0.4 980 1000 50129500
1000 50 0.5 1229 1000 62747400
1000 50 0.6 1464 1000 71792200
1000 50 0.7 1713 1000 95130000
1000 50 0.7999999999999999 1954 1000 101616500
1000 50 0.8999999999999999 2206 1000 113417300
1000 50 0.9999999999999999 2450 1000 121711900
1000 75 0.1 565 1000 79026400
1000 75 0.2 1110 1000 95097000
1000 75 0.30000000000000004 1665 1000 122582700
1000 75 0.4 2223 1000 158977800
1000 75 0.5 2775 1000 192191300
1000 75 0.6 3332 1000 224030400
1000 75 0.7 3887 1000 256312500
1000 75 0.7999999999999999 4436 1000 329821600
1000 75 0.8999999999999999 4993 1000 326055500
1000 75 0.9999999999999999 5550 1000 353232300
1000 100 0.1 985 1000 150619400
1000 100 0.2 1978 1000 195196000
1000 100 0.30000000000000004 2967 1000 260287300
1000 100 0.4 3957 1000 330503900
1000 100 0.5 4946 1000 383232100
1000 100 0.6 5937 1000 441978100
1000 100 0.7 6927 1000 516973900
1000 100 0.7999999999999999 7918 1000 604953900
1000 100 0.8999999999999999 8911 1000 664099500
1000 100 0.9999999999999999 9900 1000 721421000
1000 125 0.1 1550 1000 239669800
1000 125 0.2 3102 1000 331274100
1000 125 0.30000000000000004 4638 1000 433010900
1000 125 0.4 6193 1000 549946000
1000 125 0.5 7749 1000 652175100
1000 125 0.6 9301 1000 771760500
1000 125 0.7 10851 1000 956596700
1000 125 0.7999999999999999 12401 1000 1069052600
1000 125 0.8999999999999999 13949 1000 1226642700
1000 125 0.9999999999999999 15500 1000 1389318100
1000 150 0.1 2229 1000 371767500
1000 150 0.2 4475 1000 508155900
1000 150 0.30000000000000004 6706 1000 661890700
1000 150 0.4 8938 1000 844079000
1000 150 0.5 11172 1000 1004658900
1000 150 0.6 13414 1000 1226507700
1000 150 0.7 15642 1000 1505959100
1000 150 0.7999999999999999 17883 1000 1753142900
1000 150 0.8999999999999999 20113 1000 1969267400
1000 150 0.9999999999999999 22350 1000 2247366400
1000 175 0.1 3040 1000 517008500
1000 175 0.2 6086 1000 689068500
1000 175 0.30000000000000004 9129 1000 962696700
1000 175 0.4 12175 1000 1217578400
1000 175 0.5 15223 1000 1539258400
1000 175 0.6 18269 1000 1859394900
1000 175 0.7 21316 1000 2226885100
1000 175 0.7999999999999999 24352 1000 2675557100
1000 175 0.8999999999999999 27403 1000 3165704600
1000 175 0.9999999999999999 30450 1000 3522918000
1000 200 0.1 3981 1000 680370100
1000 200 0.2 7958 1000 974252900
1000 200 0.30000000000000004 11938 1000 1298195600
1000 200 0.4 15919 1000 1719406600
1000 200 0.5 19899 1000 2141573900
1000 200 0.6 23878 1000 2542586000
1000 200 0.7 27864 1000 3097959600
1000 200 0.7999999999999999 31838 1000 3805117400
1000 200 0.8999999999999999 35826 1000 4473076400
1000 200 0.9999999999999999 39800 1000 5121321600
1000 225 0.1 5040 1000 899210400
1000 225 0.2 10079 1000 1224005600
1000 225 0.30000000000000004 15114 1000 1718921700
1000 225 0.4 20162 1000 2336659800
1000 225 0.5 25205 1000 2851889600
1000 225 0.6 30240 1000 3603331700
1000 225 0.7 35273 1000 4467799500
1000 225 0.7999999999999999 40311 1000 5385580600
1000 225 0.8999999999999999 45361 1000 6481769100
1000 225 0.9999999999999999 50400 1000 7482309700
1000 250 0.1 6219 1000 1124868900
1000 250 0.2 12454 1000 1704707000
1000 250 0.30000000000000004 18674 1000 2334767900
1000 250 0.4 24894 1000 3139862300
1000 250 0.5 31126 1000 4061779300
1000 250 0.6 37355 1000 4874919700
1000 250 0.7 43568 1000 5932331900
1000 250 0.7999999999999999 49801 1000 7191465100
1000 250 0.8999999999999999 56026 1000 8854328700
1000 250 0.9999999999999999 62250 1000 9962713200
1000 275 0.1 7536 1000 1326838400
1000 275 0.2 15068 1000 2036334000
1000 275 0.30000000000000004 22603 1000 2859973000
1000 275 0.4 30124 1000 3950465200
1000 275 0.5 37687 1000 5167966400
1000 275 0.6 45205 1000 6375440100
1000 275 0.7 52746 1000 8087673200
1000 275 0.7999999999999999 60280 1000 9513691500
1000 275 0.8999999999999999 67812 1000 12458532100
1000 275 0.9999999999999999 75350 1000 14723417900
1000 300 0.1 8969 1000 1638535900
1000 300 0.2 17936 1000 2551811900
1000 300 0.30000000000000004 26911 1000 3534551700
1000 300 0.4 35884 1000 5013895600
1000 300 0.5 44850 1000 6163693300
1000 300 0.6 53821 1000 7824444100
1000 300 0.7 62783 1000 10376686900
1000 300 0.7999999999999999 71750 1000 12560022900
1000 300 0.8999999999999999 80738 1000 15369014100
1000 300 0.9999999999999999 89700 1000 18795316200
1000 325 0.1 10524 1000 1923585900
1000 325 0.2 21068 1000 2945370400
1000 325 0.30000000000000004 31595 1000 4178283100
1000 325 0.4 42132 1000 5736704200
1000 325 0.5 52656 1000 7662080400
1000 325 0.6 63171 1000 9810771600
1000 325 0.7 73718 1000 12693382500
1000 325 0.7999999999999999 84242 1000 16186102400
1000 325 0.8999999999999999 94762 1000 20138268400
1000 325 0.9999999999999999 105300 1000 24640764400
1000 350 0.1 12218 1000 2434405300
1000 350 0.2 24427 1000 3580524000
1000 350 0.30000000000000004 36643 1000 5110020800
1000 350 0.4 48859 1000 7485786800
1000 350 0.5 61083 1000 9856058900
1000 350 0.6 73285 1000 12692433900
1000 350 0.7 85501 1000 16514695700
1000 350 0.7999999999999999 97714 1000 20559654500
1000 350 0.8999999999999999 109930 1000 25983021200
1000 350 0.9999999999999999 122150 1000 32344713000
1000 375 0.1 14026 1000 2703989100
1000 375 0.2 28048 1000 4148612300
1000 375 0.30000000000000004 42076 1000 5894422400
1000 375 0.4 56097 1000 8629637200
1000 375 0.5 70122 1000 11967111900
1000 375 0.6 84147 1000 16112112800
1000 375 0.7 98170 1000 21623996200
1000 375 0.7999999999999999 112193 1000 25560203500
1000 375 0.8999999999999999 126226 1000 33389240800
1000 375 0.9999999999999999 140250 1000 40396947400
1000 400 0.1 15961 1000 2944353200
1000 400 0.2 31921 1000 4709675600
1000 400 0.30000000000000004 47884 1000 6954218700
1000 400 0.4 63832 1000 9777576100
1000 400 0.5 79795 1000 13838651300
1000 400 0.6 95760 1000 19189056400
1000 400 0.7 111724 1000 25524503200
1000 400 0.7999999999999999 127675 1000 31489291900
1000 400 0.8999999999999999 143642 1000 39058181200
1000 400 0.9999999999999999 159600 1000 49248833400
1000 425 0.1 18025 1000 3593012700
1000 425 0.2 36041 1000 5601019500
1000 425 0.30000000000000004 54064 1000 8257380500
1000 425 0.4 72075 1000 11993138300
1000 425 0.5 90116 1000 17251872300
1000 425 0.6 108139 1000 24164877900
1000 425 0.7 126133 1000 31218209000
1000 425 0.7999999999999999 144164 1000 37595245500
1000 425 0.8999999999999999 162174 1000 48559391700
1000 425 0.9999999999999999 180200 1000 59082211000
1000 450 0.1 20218 1000 3833319600
1000 450 0.2 40412 1000 6204575800
1000 450 0.30000000000000004 60620 1000 9585538700
1000 450 0.4 80821 1000 13986309600
1000 450 0.5 101039 1000 21084512100
1000 450 0.6 121237 1000 28969754700
1000 450 0.7 141445 1000 38153068800
1000 450 0.7999999999999999 161658 1000 48700848600
1000 450 0.8999999999999999 181840 1000 57692444600
1000 450 0.9999999999999999 202050 1000 70275021900
1000 475 0.1 22519 1000 4238733500
1000 475 0.2 45038 1000 6972909200
1000 475 0.30000000000000004 67548 1000 10946792800
1000 475 0.4 90076 1000 16755957900
1000 475 0.5 112575 1000 24510715600
1000 475 0.6 135101 1000 33915154500
1000 475 0.7 157604 1000 45297251700
1000 475 0.7999999999999999 180120 1000 56177737000
1000 475 0.8999999999999999 202645 1000 68790983500
1000 475 0.9999999999999999 225150 1000 82334984800
1000 500 0.1 24951 1000 4723396600
1000 500 0.2 49892 1000 7708607300
1000 500 0.30000000000000004 74848 1000 12378951200
1000 500 0.4 99797 1000 19696058500
1000 500 0.5 124751 1000 29129595900
1000 500 0.6 149711 1000 40654518200
1000 500 0.7 174653 1000 49424535500
1000 500 0.7999999999999999 199614 1000 66808166900
1000 500 0.8999999999999999 224553 1000 79085798800
1000 500 0.9999999999999999 249500 1000 95379481300
